10 12 13 14 15 17 18 19 2 5 6 9 9 9 9
1 11 12 13 14 15 16 17 19 5 6 8 9 9 9
0 1 10 11 14 15 16 19 2 7 8 9 9 9 9
0 1 10 11 12 17 18 2 3 5 8 9 9 9 9
0 11 13 14 15 17 18 2 4 5 6 8 9 9 9
0 10 12 13 14 15 18 19 2 7 8 9 9 9 9
10 11 13 15 16 17 2 3 4 5 7 9 9 9 9
0 10 13 14 15 16 17 2 3 4 7 8 9 9 9
0 1 11 12 15 16 19 2 4 5 6 8 9 9 9
0 1 10 11 13 15 16 18 5 7 8 9 9 9 9
0 11 12 13 14 16 19 2 3 5 6 8 9 9 9
0 1 11 12 13 14 16 17 19 4 5 9 9 9 9
0 10 12 13 14 19 2 3 4 5 6 8 9 9 9
0 1 10 11 13 14 15 16 17 5 8 9 9 9 9
0 10 12 13 15 17 18 19 2 6 7 9 9 9 9
1 10 12 13 14 15 16 17 18 2 4 7 8 9 9
0 1 10 11 12 13 15 16 17 4 7 8 9 9 9
0 1 10 11 12 13 15 17 18 3 6 9 9 9 9
0 1 10 12 13 17 18 19 3 5 6 9 9 9 9
0 1 10 11 13 14 15 19 2 3 7 9 9 9 9
0 1 11 12 13 14 15 16 17 19 7 8 9 9 9
0 1 10 11 12 16 17 3 4 5 7 9 9 9 9
0 1 11 13 15 16 17 3 4 5 7 9 9 9 9
0 1 10 12 14 15 16 18 19 6 8 9 9 9 9
0 1 11 12 13 15 17 18 19 2 3 6 8 9 9
0 1 12 13 14 15 16 18 19 2 3 8 9 9 9
0 1 10 11 13 14 15 17 18 19 3 4 9 9 9
0 1 10 12 13 14 18 19 3 5 6 8 9 9 9
0 10 11 13 14 15 16 2 3 5 7 9 9 9 9
0 10 11 12 13 17 18 19 2 3 6 8 9 9 9
1 10 11 12 13 14 16 17 18 19 2 3 7 9 9
0 1 10 12 13 17 18 2 3 4 5 8 9 9 9
10 11 13 15 16 17 19 2 3 4 5 7 8 9 9
0 1 11 13 14 16 18 2 3 4 5 6 9 9 9
0 1 10 14 16 17 18 19 2 6 7 9 9 9 9
0 1 10 12 14 16 18 19 2 3 5 9 9 9 9
0 1 10 11 12 14 15 19 3 6 7 9 9 9 9
0 1 10 11 12 13 15 16 19 4 8 9 9 9 9
0 10 14 16 17 18 19 2 4 5 6 8 9 9 9
0 10 12 13 14 16 17 3 4 6 8 9 9 9 9
0 1 11 12 13 16 17 19 2 3 5 9 9 9 9
0 1 10 11 14 15 16 2 4 6 9 9 9 9 9
0 11 12 14 15 19 2 3 4 5 6 8 9 9 9
0 1 11 14 15 16 17 18 2 5 6 8 9 9 9
0 1 10 11 13 16 17 18 19 2 3 9 9 9 9
0 1 11 12 14 15 16 17 19 4 5 6 9 9 9
0 1 10 12 13 14 15 16 18 19 2 3 7 9 9
0 1 10 13 14 18 19 2 3 5 7 8 9 9 9
0 1 11 12 13 14 16 3 4 5 7 9 9 9 9
0 10 11 12 14 17 18 19 2 5 6 9 9 9 9
0 13 15 16 17 18 19 2 5 6 7 9 9 9 9
1 10 11 13 14 15 19 2 3 4 8 9 9 9 9
0 1 11 13 14 15 16 17 18 19 8 9 9 9 9
0 1 10 11 14 15 16 2 4 5 9 9 9 9 9
0 1 11 12 13 14 16 17 18 19 2 3 8 9 9
0 1 11 13 18 19 2 3 5 6 8 9 9 9 9
0 1 10 11 12 14 17 18 19 2 7 8 9 9 9
0 1 10 12 13 14 15 16 17 19 4 8 9 9 9
10 11 12 13 14 15 16 18 19 2 3 9 9 9 9
0 1 10 11 12 13 14 16 18 19 2 5 6 9 9
1 10 11 12 14 15 16 17 3 4 5 9 9 9 9
1 10 12 13 14 16 17 2 3 4 5 8 9 9 9
1 10 11 12 13 14 15 2 4 5 6 8 9 9 9
0 1 10 11 13 16 19 3 4 8 9 9 9 9 9
10 11 13 14 16 17 18 19 2 3 6 8 9 9 9
0 1 10 11 13 14 16 18 19 2 5 6 9 9 9
0 1 10 11 13 15 16 17 19 2 3 9 9 9 9
1 10 11 12 15 16 17 18 19 4 5 6 8 9 9
0 11 12 13 14 15 17 18 19 2 3 5 6 9 9
0 1 11 12 13 14 15 16 17 19 5 9 9 9 9
0 1 10 11 12 14 15 18 2 3 6 7 9 9 9
0 10 12 13 14 15 17 18 2 5 8 9 9 9 9
1 10 11 12 13 15 16 17 18 19 2 6 9 9 9
1 11 12 13 14 15 16 2 3 4 5 9 9 9 9
1 10 11 13 14 15 17 18 19 4 8 9 9 9 9
1 11 12 13 14 16 17 18 19 3 4 8 9 9 9
0 10 11 12 13 15 17 19 2 4 8 9 9 9 9
0 10 11 12 13 14 16 17 18 19 2 3 7 9 9
0 11 12 13 14 15 16 17 18 19 2 7 8 9 9
0 1 11 12 13 14 15 17 18 19 9 9 9 9 9
0 1 11 12 13 14 15 17 19 2 3 4 5 9 9
0 1 10 12 13 14 15 18 2 3 6 7 8 9 9
0 1 10 12 13 14 15 16 17 19 2 6 9 9 9
0 1 10 12 13 14 15 17 18 19 2 3 9 9 9
0 10 11 12 13 14 15 16 17 18 19 7 8 9 9
1 10 11 12 13 15 17 18 3 5 6 9 9 9 9
12 13 14 16 17 18 19 2 3 5 6 8 9 9 9
0 10 11 13 14 15 16 2 3 4 5 8 9 9 9
0 1 10 11 12 13 17 2 3 4 9 9 9 9 9
0 11 12 13 14 17 19 2 4 5 6 8 9 9 9
0 1 11 12 13 14 15 16 2 6 8 9 9 9 9
0 1 10 11 12 13 14 16 17 18 19 7 9 9 9
0 1 10 11 13 15 16 19 2 5 8 9 9 9 9
1 10 12 13 14 15 17 3 4 5 7 9 9 9 9
0 10 11 12 13 14 19 2 5 6 7 8 9 9 9
0 10 11 12 14 15 18 19 5 6 8 9 9 9 9
0 1 10 13 14 15 17 18 19 2 3 9 9 9 9
0 1 10 11 13 14 18 19 3 5 6 9 9 9 9
0 1 10 12 13 14 16 3 4 6 7 9 9 9 9
1 10 11 12 13 14 15 16 4 5 7 9 9 9 9
0 1 10 11 12 13 14 17 18 19 2 3 5 9 9
0 1 10 11 12 14 15 17 18 19 2 8 9 9 9
0 1 12 13 14 15 17 18 19 5 8 9 9 9 9
0 10 12 13 16 18 19 2 3 6 7 9 9 9 9
0 1 10 11 12 13 18 19 2 3 5 8 9 9 9
0 1 10 11 12 14 18 2 3 5 6 9 9 9 9
0 1 10 12 13 15 18 19 2 4 5 6 9 9 9
0 1 11 12 13 15 16 19 2 3 6 8 9 9 9
0 11 12 13 14 15 16 17 3 4 5 7 9 9 9
0 1 10 11 12 14 15 16 19 3 8 9 9 9 9
0 10 13 15 16 17 18 19 2 5 7 8 9 9 9
10 12 13 14 18 19 2 3 5 6 7 8 9 9 9
0 1 10 11 12 13 15 17 18 2 3 6 8 9 9
1 11 12 13 15 16 19 3 4 5 8 9 9 9 9
0 1 10 11 12 13 14 15 19 5 6 8 9 9 9
0 10 13 14 16 17 18 19 2 5 6 7 9 9 9
0 1 10 12 15 17 18 19 2 3 5 6 9 9 9
1 10 11 12 13 15 16 19 2 3 8 9 9 9 9
0 1 10 11 12 13 14 16 17 19 3 9 9 9 9
0 1 10 11 12 13 14 15 16 17 18 19 3 9 9
0 1 10 11 12 14 15 16 17 2 3 7 9 9 9
0 1 10 11 13 14 17 18 19 2 5 7 9 9 9
0 1 10 12 13 14 15 16 18 5 8 9 9 9 9
0 1 12 13 15 17 18 19 2 5 7 9 9 9 9
0 10 12 13 17 18 19 2 3 4 5 8 9 9 9
0 1 10 11 12 13 15 19 2 5 6 8 9 9 9
0 1 11 12 15 16 18 19 2 3 5 8 9 9 9
0 10 11 12 13 14 17 18 2 3 4 9 9 9 9
1 10 11 12 14 17 19 2 4 5 6 9 9 9 9
0 10 11 13 14 15 18 19 2 3 5 6 7 8 9
10 11 12 13 14 16 17 2 4 5 7 8 9 9 9
0 1 10 12 14 15 17 18 19 5 6 7 9 9 9
10 11 13 14 15 16 18 19 2 3 5 6 9 9 9
0 1 10 12 13 17 18 2 3 4 9 9 9 9 9
0 11 12 13 15 16 17 19 2 5 6 7 8 9 9
0 1 10 11 12 13 14 15 17 2 3 8 9 9 9
0 1 10 11 12 14 15 19 2 5 6 9 9 9 9
0 1 11 12 14 15 16 17 19 2 3 9 9 9 9
0 1 10 11 14 16 17 19 5 7 8 9 9 9 9
1 10 11 12 13 14 15 19 2 4 5 9 9 9 9
1 10 12 13 14 16 17 2 4 5 6 9 9 9 9
0 1 10 11 12 13 14 15 16 17 2 5 9 9 9
1 10 11 12 13 15 16 18 19 2 6 8 9 9 9
0 1 12 14 15 16 2 4 5 6 9 9 9 9 9
0 1 12 14 15 16 17 19 2 3 4 5 9 9 9
0 1 10 11 12 14 15 16 19 2 3 4 9 9 9
0 1 10 12 13 19 2 3 4 5 6 8 9 9 9
0 1 10 11 13 14 15 17 18 19 3 4 9 9 9
0 1 10 12 13 14 16 17 18 19 8 9 9 9 9
0 1 10 11 14 17 18 19 2 5 6 8 9 9 9
0 1 10 11 12 13 14 15 16 17 19 2 9 9 9
0 1 11 13 14 15 16 17 18 19 8 9 9 9 9
0 1 10 13 14 15 16 17 18 19 3 6 9 9 9
1 10 11 12 13 17 19 2 3 4 5 9 9 9 9
1 10 12 14 17 18 19 3 5 6 7 8 9 9 9
0 1 13 14 15 16 17 19 2 5 6 7 8 9 9
0 1 10 11 12 13 15 19 2 3 8 9 9 9 9
0 12 14 15 16 17 18 19 2 4 5 9 9 9 9
10 11 12 13 14 16 17 18 5 6 8 9 9 9 9
0 1 10 11 13 14 15 16 17 18 19 9 9 9 9
0 1 11 13 15 19 2 4 5 6 8 9 9 9 9
0 10 12 13 15 16 19 2 4 5 6 8 9 9 9
0 1 10 12 13 15 18 19 5 6 8 9 9 9 9
1 10 12 13 14 15 18 19 2 3 5 7 9 9 9
0 1 11 12 13 17 18 19 2 4 5 9 9 9 9
1 10 11 12 14 16 17 19 4 5 6 9 9 9 9
0 10 11 12 13 14 15 16 17 18 19 9 9 9 9
10 11 12 14 17 18 19 2 4 5 6 8 9 9 9
0 10 11 13 14 15 17 18 19 5 6 8 9 9 9
0 10 11 13 14 15 16 17 18 19 3 4 9 9 9
0 10 11 12 13 15 18 19 3 6 7 9 9 9 9
1 10 13 14 15 17 18 19 2 5 6 8 9 9 9
10 11 12 13 14 18 19 2 3 5 6 9 9 9 9
1 10 12 14 15 17 18 19 3 4 5 6 8 9 9
0 1 11 12 13 17 18 19 2 4 8 9 9 9 9
0 1 10 12 14 17 18 19 2 3 6 7 8 9 9
0 1 10 11 12 13 14 15 19 2 3 5 9 9 9
0 1 11 12 13 14 15 16 17 18 19 3 6 9 9
0 1 11 12 14 17 18 19 2 3 5 9 9 9 9
1 10 11 12 13 14 15 17 3 4 5 7 9 9 9
0 1 10 12 13 14 15 16 17 18 19 3 9 9 9
10 12 13 15 16 17 18 19 2 6 7 9 9 9 9
0 1 10 11 13 15 16 18 19 3 8 9 9 9 9
0 1 10 11 13 14 16 2 3 4 9 9 9 9 9
0 10 11 12 13 14 15 17 18 19 2 8 9 9 9
0 1 11 12 13 14 15 16 17 18 2 6 9 9 9
0 10 11 12 13 15 17 18 19 2 3 7 8 9 9
0 10 12 13 14 15 16 18 19 2 3 7 9 9 9
0 1 10 11 13 15 19 2 3 7 8 9 9 9 9
0 1 10 12 13 15 16 17 18 19 7 9 9 9 9
0 1 10 11 12 13 14 15 17 18 19 9 9 9 9
10 12 13 14 15 16 17 18 19 4 5 7 9 9 9
1 10 11 12 13 14 15 16 19 2 5 8 9 9 9
0 1 10 12 13 14 16 17 18 19 2 3 8 9 9
1 10 11 12 13 14 15 16 17 2 3 7 8 9 9
1 10 11 12 13 14 16 17 18 19 2 6 9 9 9
0 1 10 13 16 17 18 19 2 5 6 9 9 9 9
0 1 10 11 12 14 15 19 2 4 9 9 9 9 9
0 10 11 12 14 15 16 17 18 19 2 3 9 9 9
1 10 11 12 13 14 16 17 19 3 5 9 9 9 9
0 1 10 11 13 15 16 19 3 5 8 9 9 9 9
0 1 10 12 13 17 19 2 3 5 8 9 9 9 9
1 10 11 12 13 14 18 19 2 3 7 8 9 9 9
0 1 10 12 13 14 15 2 4 5 6 8 9 9 9
10 11 12 13 14 15 16 17 18 19 4 9 9 9 9
0 1 12 13 14 17 18 19 2 3 5 8 9 9 9
0 1 10 12 14 15 16 17 18 19 8 9 9 9 9
0 10 13 14 15 16 18 19 2 5 6 9 9 9 9
1 10 12 13 14 15 16 17 18 2 9 9 9 9 9
0 1 10 11 12 13 14 18 19 2 3 5 9 9 9
0 10 11 12 13 14 16 2 3 4 5 7 9 9 9
0 10 11 13 14 15 16 2 5 7 8 9 9 9 9
1 10 11 12 13 14 15 19 3 4 5 9 9 9 9
0 1 11 12 13 14 15 16 19 2 4 5 9 9 9
1 10 11 12 13 14 15 16 17 19 2 3 5 9 9
0 10 11 13 14 16 17 19 3 5 6 8 9 9 9
0 10 11 12 13 14 17 18 19 6 8 9 9 9 9
1 10 11 12 13 14 17 18 19 3 5 7 8 9 9
0 1 11 12 14 15 16 19 4 5 6 9 9 9 9
0 1 10 11 13 14 15 16 4 8 9 9 9 9 9
0 11 12 15 16 17 18 2 3 5 9 9 9 9 9
0 1 13 14 15 18 19 2 3 5 7 9 9 9 9
1 10 11 13 17 19 2 3 4 5 9 9 9 9 9
0 1 11 13 15 16 17 18 19 2 3 4 5 9 9
0 1 11 12 14 15 18 2 5 6 8 9 9 9 9
1 10 11 12 15 16 17 18 2 4 8 9 9 9 9
0 1 13 14 15 16 17 18 19 2 4 6 9 9 9
0 1 10 12 13 14 16 17 18 4 5 9 9 9 9
0 1 11 12 13 14 16 17 19 2 3 9 9 9 9
0 10 11 12 14 15 17 18 4 5 7 9 9 9 9
10 11 12 13 14 17 18 19 2 3 6 8 9 9 9
0 10 11 12 13 16 17 18 19 2 3 5 9 9 9
0 10 11 12 13 14 15 17 18 19 3 9 9 9 9
0 1 11 12 13 14 16 19 5 6 8 9 9 9 9
0 1 11 13 14 15 16 17 18 19 5 7 9 9 9
0 1 10 14 15 16 18 2 5 6 9 9 9 9 9
0 1 11 12 13 15 16 17 19 2 5 9 9 9 9
0 1 10 11 14 15 17 18 19 2 3 9 9 9 9
10 11 12 14 16 17 18 19 4 5 7 9 9 9 9
0 12 13 14 15 16 17 18 19 2 5 9 9 9 9
0 1 13 14 15 16 18 19 2 3 7 8 9 9 9
0 1 11 12 14 15 16 19 2 3 4 9 9 9 9
0 1 11 12 13 14 19 2 3 5 6 8 9 9 9
1 10 12 13 14 15 17 18 19 2 3 9 9 9 9
0 1 10 11 13 14 16 17 19 7 8 9 9 9 9
10 12 13 14 15 16 19 4 5 6 8 9 9 9 9
10 11 13 14 15 16 17 19 2 3 6 8 9 9 9
0 1 12 13 17 18 2 3 4 5 8 9 9 9 9
0 10 12 13 14 16 17 18 3 5 6 7 8 9 9
0 1 10 12 13 14 15 16 17 19 7 8 9 9 9
0 1 10 11 12 13 14 15 16 17 19 3 4 9 9
1 11 13 14 15 18 19 2 3 5 6 9 9 9 9
1 12 14 15 17 18 19 2 3 5 6 9 9 9 9
1 10 12 16 17 18 19 3 5 6 7 9 9 9 9
0 10 11 12 14 15 17 18 19 4 5 9 9 9 9
0 1 10 12 13 14 15 2 5 7 8 9 9 9 9
0 1 11 13 14 15 19 2 5 6 8 9 9 9 9
0 10 11 12 13 16 17 18 19 2 5 6 9 9 9
0 1 10 11 12 13 14 15 17 3 4 5 9 9 9
1 10 11 13 14 15 16 19 2 3 4 8 9 9 9
1 10 12 13 14 15 16 17 18 19 4 5 9 9 9
0 10 11 12 13 14 15 17 19 2 5 9 9 9 9
0 1 10 12 13 14 16 17 19 5 8 9 9 9 9
0 10 11 12 13 14 15 16 2 3 4 5 9 9 9
0 1 10 11 12 13 15 19 5 6 8 9 9 9 9
0 10 13 14 17 18 19 3 5 6 7 8 9 9 9
0 1 10 11 12 13 15 19 2 3 5 8 9 9 9
0 1 10 11 12 13 15 16 17 3 4 8 9 9 9
0 10 11 12 13 14 16 17 19 5 8 9 9 9 9
1 11 12 13 17 18 19 2 3 4 8 9 9 9 9
1 10 11 12 13 14 15 16 17 19 2 9 9 9 9
0 1 10 11 12 14 15 2 3 5 6 7 9 9 9
0 1 10 11 12 16 17 18 19 2 5 8 9 9 9
0 1 10 11 12 14 15 16 17 18 19 9 9 9 9
0 10 12 13 14 18 19 2 3 5 6 7 9 9 9
0 1 10 11 12 13 14 16 2 4 5 8 9 9 9
0 10 11 13 14 16 17 18 19 2 3 8 9 9 9
1 11 12 13 14 15 17 19 3 4 5 9 9 9 9
0 1 11 12 13 16 17 19 2 3 4 9 9 9 9
0 1 10 11 12 13 14 17 2 3 6 8 9 9 9
0 1 10 12 17 18 19 2 3 4 8 9 9 9 9
0 1 10 11 12 15 16 2 3 4 5 8 9 9 9
1 10 11 12 13 18 19 2 3 4 5 8 9 9 9
0 1 10 11 12 13 17 18 19 3 4 6 9 9 9
1 10 13 15 16 17 18 19 3 4 5 6 9 9 9
0 1 10 11 17 18 19 3 4 5 8 9 9 9 9
1 11 12 13 14 15 16 17 19 3 4 8 9 9 9
0 11 12 14 15 16 17 18 19 6 7 9 9 9 9
0 1 10 11 13 15 16 17 2 6 8 9 9 9 9
0 1 11 12 13 17 18 19 2 3 6 9 9 9 9
0 1 10 11 14 16 17 18 19 3 5 9 9 9 9
1 10 11 12 13 14 15 16 17 18 19 5 9 9 9
1 11 12 13 14 15 16 19 2 5 6 9 9 9 9
0 1 11 12 13 14 19 2 3 5 6 9 9 9 9
0 1 10 12 13 16 17 18 19 2 4 9 9 9 9
0 1 10 12 14 15 16 17 5 6 8 9 9 9 9
1 11 13 14 15 16 17 4 5 6 8 9 9 9 9
0 1 10 11 12 13 14 15 16 19 3 6 9 9 9
0 1 11 12 14 15 17 18 19 5 6 9 9 9 9
0 1 11 13 14 15 18 19 2 5 6 7 9 9 9
0 1 10 11 12 14 17 18 3 4 9 9 9 9 9
11 12 14 15 16 17 18 19 2 6 7 9 9 9 9
0 1 10 12 13 15 17 18 5 6 8 9 9 9 9
0 1 10 13 14 15 16 17 18 2 5 7 9 9 9
0 1 10 11 12 13 14 18 19 2 5 6 9 9 9
0 11 12 14 16 17 2 3 5 6 7 8 9 9 9
0 1 10 12 13 16 17 18 19 3 5 8 9 9 9
0 1 10 13 14 15 16 17 18 19 2 5 8 9 9
1 10 11 13 15 16 17 2 3 5 8 9 9 9 9
0 1 10 11 15 16 17 18 19 2 9 9 9 9 9
1 10 12 13 14 15 16 17 18 19 2 9 9 9 9
0 1 11 12 16 17 18 19 2 7 8 9 9 9 9
0 1 10 11 14 17 18 19 2 5 6 8 9 9 9
0 1 10 11 12 13 14 16 17 19 4 8 9 9 9
0 1 10 11 15 16 18 19 2 5 6 9 9 9 9
1 10 11 12 13 15 16 17 18 3 6 9 9 9 9
10 11 12 14 15 18 19 2 3 5 6 9 9 9 9
0 1 10 11 12 13 14 15 16 17 19 5 8 9 9
0 10 14 15 16 17 18 19 2 3 5 8 9 9 9
0 1 10 11 13 15 2 3 4 5 9 9 9 9 9
0 10 12 13 14 15 16 17 18 5 6 7 8 9 9
1 10 11 13 14 15 17 18 19 2 3 9 9 9 9
0 1 10 11 13 14 15 16 2 3 7 8 9 9 9
1 10 11 12 13 14 17 19 2 6 7 9 9 9 9
1 11 12 14 15 17 18 19 2 3 7 9 9 9 9
0 1 10 11 14 15 19 3 4 6 8 9 9 9 9
0 1 11 12 14 15 18 19 2 5 8 9 9 9 9
0 1 10 11 13 15 16 17 19 2 5 8 9 9 9
0 1 10 11 12 14 15 19 2 3 7 9 9 9 9
0 1 10 11 12 13 17 18 2 3 5 7 9 9 9
10 11 12 14 15 16 18 19 2 6 7 9 9 9 9
0 1 10 11 12 14 16 17 18 19 2 9 9 9 9
0 1 10 11 13 14 15 16 17 18 19 7 9 9 9
10 11 12 13 14 15 16 17 18 4 8 9 9 9 9
0 1 10 11 12 14 16 17 2 3 9 9 9 9 9
0 1 10 11 13 14 15 19 3 5 6 9 9 9 9
0 1 12 14 15 17 18 19 5 6 7 8 9 9 9
0 1 12 13 15 16 19 2 5 6 8 9 9 9 9
0 10 11 12 13 14 15 16 2 3 7 9 9 9 9
0 1 10 12 13 14 17 18 19 3 4 5 6 9 9
1 10 12 13 14 15 18 19 2 5 6 7 8 9 9
1 10 11 12 14 15 16 17 18 2 3 6 9 9 9
0 1 10 11 12 15 16 17 18 2 3 5 8 9 9
0 10 11 12 13 15 16 17 18 19 7 9 9 9 9
0 1 10 12 13 15 16 17 18 4 5 9 9 9 9
0 1 10 12 13 17 18 2 4 5 8 9 9 9 9
0 1 11 12 14 18 19 2 3 5 6 7 8 9 9
1 10 11 13 14 16 17 4 5 6 8 9 9 9 9
1 10 11 12 13 14 16 18 19 2 6 7 9 9 9
1 10 11 13 14 15 18 19 3 6 7 9 9 9 9
0 1 10 11 12 13 17 18 2 4 8 9 9 9 9
0 1 10 14 15 16 17 18 19 3 4 9 9 9 9
0 1 10 13 14 15 16 18 19 2 6 7 9 9 9
0 1 11 12 13 14 16 17 18 19 2 8 9 9 9
0 1 11 12 13 14 15 16 17 2 8 9 9 9 9
0 10 11 12 13 14 15 2 3 4 6 9 9 9 9
0 11 12 13 14 15 16 17 19 2 5 6 9 9 9
0 1 10 12 13 14 17 19 5 6 7 8 9 9 9
1 10 11 13 14 16 17 18 19 3 6 8 9 9 9
0 1 10 11 12 13 14 17 19 2 8 9 9 9 9
0 1 10 12 16 17 18 2 4 6 8 9 9 9 9
0 1 10 12 13 14 15 16 17 19 3 4 9 9 9
0 1 10 12 13 14 16 19 2 5 9 9 9 9 9
0 1 10 12 13 14 15 16 4 5 6 9 9 9 9
0 1 10 12 13 18 19 2 3 5 6 7 9 9 9
0 1 11 12 13 14 15 16 17 19 5 9 9 9 9
0 1 10 11 13 15 16 17 4 7 8 9 9 9 9
0 10 11 13 15 16 17 18 5 7 8 9 9 9 9
0 1 10 11 13 15 17 2 4 7 8 9 9 9 9
0 1 10 11 12 13 15 16 2 3 6 9 9 9 9
1 10 12 13 14 15 16 17 2 3 4 7 8 9 9
1 10 11 12 13 14 16 17 19 5 8 9 9 9 9
1 10 11 12 15 16 17 18 2 5 6 9 9 9 9
0 1 10 11 13 14 17 18 19 3 4 9 9 9 9
0 10 11 12 13 14 15 16 17 7 8 9 9 9 9
1 10 11 12 14 15 16 17 18 19 6 7 9 9 9
0 1 10 11 12 15 18 19 3 5 6 9 9 9 9
0 10 11 12 13 14 15 17 18 19 2 9 9 9 9
0 1 12 13 14 16 17 19 2 6 8 9 9 9 9
1 11 13 14 15 16 17 18 19 2 6 9 9 9 9
0 1 10 11 13 14 15 17 18 5 8 9 9 9 9
0 1 10 11 12 14 19 2 3 4 6 8 9 9 9
0 10 11 12 13 14 16 17 19 2 3 7 8 9 9
0 10 11 12 14 15 19 2 5 6 8 9 9 9 9
1 10 11 12 13 16 17 19 2 3 7 8 9 9 9
0 1 11 13 15 16 17 18 19 3 8 9 9 9 9
0 1 10 11 12 17 18 19 2 3 4 6 9 9 9
0 10 11 12 13 15 17 18 19 2 5 6 9 9 9
0 1 12 13 15 18 2 5 6 7 8 9 9 9 9
1 10 11 12 14 15 17 18 2 6 7 8 9 9 9
10 12 13 14 15 17 18 19 2 5 6 8 9 9 9
0 1 10 11 12 13 14 15 17 18 19 2 9 9 9
1 11 12 14 15 16 17 18 2 3 6 8 9 9 9
10 11 12 13 14 15 19 4 5 6 8 9 9 9 9
1 10 11 13 14 15 17 19 2 3 5 9 9 9 9
1 10 11 12 13 14 16 19 4 5 7 9 9 9 9
0 1 10 11 12 13 15 16 17 18 19 9 9 9 9
0 1 10 11 13 14 15 16 17 19 8 9 9 9 9
1 10 11 12 14 17 19 3 5 6 7 8 9 9 9
0 10 11 12 13 15 16 19 2 5 6 8 9 9 9
0 1 10 11 12 13 14 15 5 6 7 8 9 9 9
0 11 12 14 15 16 18 19 2 3 5 7 9 9 9
0 1 10 12 13 14 15 18 19 2 3 6 8 9 9
1 11 12 13 14 15 16 19 5 6 8 9 9 9 9
0 10 11 13 14 15 16 17 18 19 4 5 6 9 9
0 1 11 12 13 18 19 2 4 5 8 9 9 9 9
0 10 11 13 16 17 19 2 4 5 8 9 9 9 9
0 10 11 13 14 15 16 17 3 4 7 8 9 9 9
1 10 12 14 15 16 17 18 19 3 4 9 9 9 9
0 1 10 11 12 14 15 2 3 4 9 9 9 9 9
1 11 12 13 14 15 16 19 2 5 8 9 9 9 9
0 10 11 14 15 16 17 18 19 5 6 7 9 9 9
0 1 10 11 12 13 14 16 17 19 2 8 9 9 9
1 10 11 13 15 17 2 3 4 5 7 9 9 9 9
1 10 11 12 13 14 15 16 2 3 5 8 9 9 9
0 10 11 14 16 17 18 19 2 6 7 9 9 9 9
1 10 11 12 13 15 19 2 4 5 8 9 9 9 9
0 1 11 12 13 14 15 16 17 18 19 5 9 9 9
0 10 11 12 13 14 16 17 3 4 7 9 9 9 9
1 13 14 15 16 17 18 19 2 6 8 9 9 9 9
0 10 12 13 14 15 16 2 4 5 9 9 9 9 9
0 1 10 11 13 14 19 2 3 4 5 6 9 9 9
0 10 11 12 13 14 17 18 2 5 6 8 9 9 9
0 1 12 13 14 16 17 19 2 5 7 9 9 9 9
0 11 12 13 14 15 17 18 19 2 3 7 8 9 9
0 1 11 12 14 15 16 18 19 2 6 9 9 9 9
0 11 12 14 15 16 17 18 19 4 5 9 9 9 9
0 1 10 13 14 15 16 17 3 4 5 9 9 9 9
0 1 11 12 13 15 16 17 18 19 3 6 7 9 9
1 11 12 13 14 15 16 17 4 5 7 9 9 9 9
0 1 10 11 12 13 15 19 2 3 5 6 9 9 9
1 10 11 12 13 14 15 18 2 3 4 7 9 9 9
0 11 13 15 17 18 19 2 3 5 6 9 9 9 9
1 10 11 13 16 18 19 2 3 5 8 9 9 9 9
0 1 11 13 16 17 18 19 2 5 6 9 9 9 9
0 10 12 13 14 19 2 3 4 5 6 8 9 9 9
1 10 11 14 15 16 17 18 19 2 3 7 9 9 9
10 12 13 14 15 16 17 18 2 3 5 7 9 9 9
0 1 10 12 14 15 16 17 18 19 7 8 9 9 9
0 1 10 13 14 15 16 4 5 6 8 9 9 9 9
1 10 12 13 14 15 18 19 2 3 5 6 9 9 9
0 1 10 13 16 19 2 3 4 5 9 9 9 9 9
0 11 12 14 15 16 17 19 2 3 5 6 9 9 9
0 1 11 12 15 16 17 18 19 2 3 8 9 9 9
0 1 12 14 15 16 17 18 2 6 7 9 9 9 9
0 10 11 12 16 17 18 19 4 5 6 8 9 9 9
10 11 13 14 16 17 19 2 4 5 7 8 9 9 9
0 10 12 13 14 15 17 19 4 5 6 8 9 9 9
0 1 10 11 12 14 18 2 6 7 8 9 9 9 9
0 1 11 13 14 15 16 4 5 6 9 9 9 9 9
0 1 12 14 15 18 19 2 3 6 7 9 9 9 9
1 10 11 12 13 14 15 16 17 18 19 3 6 9 9
0 10 11 12 16 17 19 3 4 5 9 9 9 9 9
0 1 11 13 14 15 19 2 3 5 7 9 9 9 9
0 10 11 12 13 14 16 17 18 19 3 7 9 9 9
1 10 12 13 14 15 17 18 19 2 3 8 9 9 9
0 10 11 12 13 14 15 2 3 5 6 9 9 9 9
0 1 11 14 15 16 18 19 2 4 5 6 9 9 9
0 1 10 12 13 14 17 18 19 3 5 8 9 9 9
0 11 12 13 14 15 18 19 4 5 6 8 9 9 9
0 1 10 11 12 14 15 17 19 2 5 8 9 9 9
1 10 11 12 13 14 15 16 17 18 2 3 7 8 9
0 1 12 14 16 17 2 3 4 5 6 9 9 9 9
0 1 10 11 12 16 17 19 2 3 4 9 9 9 9
0 1 11 12 13 14 16 2 3 5 8 9 9 9 9
0 1 10 11 15 16 17 18 19 2 3 9 9 9 9
0 1 10 11 12 14 15 16 18 19 6 7 9 9 9
0 1 10 11 12 15 16 17 19 2 3 9 9 9 9
1 10 11 12 13 14 15 3 4 6 7 9 9 9 9
0 1 11 13 15 16 17 18 19 2 8 9 9 9 9
0 10 11 12 17 18 19 2 3 4 8 9 9 9 9
1 10 11 12 13 19 2 3 5 6 7 8 9 9 9
0 1 10 11 13 17 18 19 2 3 8 9 9 9 9
0 1 11 12 13 14 18 19 2 4 5 6 9 9 9
0 10 12 13 14 15 16 17 18 19 9 9 9 9 9
0 1 10 12 13 14 15 16 17 18 2 9 9 9 9
0 1 10 13 14 16 17 18 19 7 8 9 9 9 9
0 10 11 12 13 14 15 16 18 19 3 5 9 9 9
0 10 11 12 13 14 15 16 17 18 19 3 4 9 9
0 1 11 12 13 14 15 16 17 18 2 9 9 9 9
0 1 10 11 13 15 18 19 3 4 6 9 9 9 9
0 1 13 14 15 16 17 2 3 4 7 8 9 9 9
0 1 10 12 13 16 17 18 19 5 6 7 8 9 9
1 10 11 12 13 14 15 17 18 19 2 5 8 9 9
0 1 10 11 13 18 19 2 3 5 8 9 9 9 9
0 1 10 12 13 14 15 16 18 19 2 5 9 9 9
0 10 11 12 14 16 17 18 2 3 6 8 9 9 9
1 10 11 12 13 15 16 17 18 19 2 5 8 9 9
0 1 10 13 15 18 19 2 3 5 6 7 9 9 9
10 11 12 13 14 18 19 2 3 5 7 8 9 9 9
0 1 10 12 13 14 2 3 4 5 7 8 9 9 9
1 11 12 13 14 15 16 17 18 19 7 9 9 9 9
0 1 11 12 13 14 15 17 18 19 4 5 9 9 9
0 1 11 12 13 14 15 17 19 2 3 8 9 9 9
1 10 11 12 14 15 17 19 2 4 5 7 8 9 9
1 10 11 13 14 15 17 18 2 3 4 9 9 9 9
0 1 10 11 13 14 15 17 2 3 4 6 8 9 9
0 1 10 11 13 14 15 16 17 18 19 3 9 9 9
0 1 10 11 13 14 16 17 18 19 4 5 6 9 9
0 1 10 11 14 15 16 19 4 5 9 9 9 9 9
0 1 10 11 12 13 15 17 18 19 2 7 9 9 9
0 1 11 13 14 16 17 18 19 2 3 4 5 9 9
0 1 10 11 12 15 16 17 18 19 4 5 9 9 9
0 1 10 11 12 14 15 16 17 18 2 3 9 9 9
0 1 10 11 12 13 14 15 17 2 5 8 9 9 9
0 1 10 12 14 19 2 3 5 6 8 9 9 9 9
0 1 10 12 13 14 15 17 2 3 4 7 9 9 9
0 1 10 11 12 15 16 17 18 19 4 9 9 9 9
0 1 10 12 13 15 17 19 2 6 7 9 9 9 9
1 10 11 12 13 14 15 16 17 19 5 8 9 9 9
11 12 13 14 15 17 18 19 2 3 7 8 9 9 9
1 12 14 15 17 18 19 2 5 6 7 8 9 9 9
0 1 10 14 15 16 17 18 19 2 9 9 9 9 9
0 1 10 11 12 14 15 16 17 18 19 9 9 9 9
10 11 12 13 16 17 18 19 2 3 4 5 9 9 9
0 1 11 12 13 14 15 19 3 4 5 9 9 9 9
0 1 10 12 14 15 16 2 3 4 9 9 9 9 9
0 1 10 11 12 13 18 2 3 5 7 8 9 9 9
1 10 12 13 14 15 16 18 19 2 5 9 9 9 9
0 1 10 11 12 18 19 2 3 5 7 8 9 9 9
0 1 11 12 13 15 16 17 19 2 3 5 9 9 9
0 1 10 11 12 13 15 16 18 19 2 8 9 9 9
0 1 10 12 15 16 17 18 19 2 6 7 9 9 9
0 10 12 13 14 15 16 18 19 2 3 9 9 9 9
0 10 11 13 16 18 19 3 4 5 8 9 9 9 9
0 1 10 11 12 13 17 18 19 2 8 9 9 9 9
0 1 10 11 12 13 15 16 17 19 2 5 9 9 9
10 11 12 13 14 15 16 17 19 3 5 7 9 9 9
0 1 12 13 14 16 17 19 2 3 4 5 9 9 9
0 10 12 13 14 18 19 3 5 6 7 8 9 9 9
0 1 10 11 12 13 15 16 17 18 4 9 9 9 9
0 1 10 11 12 13 15 16 2 4 6 8 9 9 9
0 1 10 11 12 13 14 17 19 2 9 9 9 9 9
0 10 11 12 14 15 16 17 19 2 3 8 9 9 9
1 12 13 14 15 16 19 2 4 5 9 9 9 9 9
0 1 10 11 12 13 14 15 16 2 3 5 9 9 9
0 10 11 12 13 14 16 17 18 19 3 4 6 9 9
0 1 11 12 13 14 15 17 18 19 2 3 7 9 9
0 1 10 11 14 15 16 18 19 2 6 9 9 9 9
0 1 11 12 13 14 15 18 19 2 3 6 9 9 9
0 1 12 13 15 16 17 18 19 5 8 9 9 9 9
0 1 12 13 15 16 17 19 5 6 7 9 9 9 9
0 11 12 13 14 17 18 2 5 7 8 9 9 9 9
1 10 11 13 14 15 16 17 19 5 7 9 9 9 9
0 1 10 11 12 15 16 17 18 19 3 8 9 9 9
0 11 12 14 15 17 18 2 3 5 6 7 9 9 9
0 11 12 13 16 17 19 2 3 5 6 9 9 9 9
0 1 12 13 14 15 16 18 19 2 5 9 9 9 9
1 10 11 12 14 15 17 18 2 3 6 8 9 9 9
0 1 10 11 14 15 16 19 5 6 8 9 9 9 9
0 10 12 13 14 15 16 17 18 6 8 9 9 9 9
1 10 11 12 13 14 15 16 18 19 6 8 9 9 9
0 11 12 15 16 17 18 5 6 8 9 9 9 9 9
1 10 11 12 14 15 17 18 2 4 6 8 9 9 9
10 11 13 17 18 19 2 3 4 5 6 9 9 9 9
0 1 10 11 12 15 18 19 2 5 8 9 9 9 9
0 1 10 11 14 15 16 17 18 2 3 6 9 9 9
0 1 10 12 15 17 18 19 2 4 5 6 8 9 9
0 1 10 13 14 15 17 18 2 5 6 8 9 9 9
1 10 11 12 13 14 15 17 18 19 2 3 6 9 9
0 1 11 12 13 14 15 19 2 5 6 8 9 9 9
0 1 10 11 14 16 17 18 19 2 7 9 9 9 9
0 1 10 12 13 14 18 19 2 5 6 8 9 9 9
0 1 10 12 13 15 16 17 19 5 6 8 9 9 9
0 1 10 11 12 15 16 17 18 19 9 9 9 9 9
0 10 13 14 15 17 19 2 5 6 7 9 9 9 9
0 1 10 11 12 13 15 18 19 2 3 6 9 9 9
0 1 11 14 15 16 18 19 2 4 5 6 9 9 9
1 11 12 14 15 16 17 18 2 4 7 9 9 9 9
1 10 11 13 17 18 19 2 3 4 8 9 9 9 9
1 10 11 12 13 14 19 2 3 6 7 9 9 9 9
1 10 11 12 13 15 16 19 2 3 4 9 9 9 9
0 10 11 12 14 17 19 2 3 5 6 7 8 9 9
0 1 10 11 13 14 15 2 3 4 8 9 9 9 9
0 1 10 11 13 14 16 2 4 5 9 9 9 9 9
0 1 10 11 12 13 15 18 2 3 5 8 9 9 9
0 1 10 11 13 14 16 19 4 5 6 9 9 9 9
10 11 12 14 15 16 17 18 19 5 8 9 9 9 9
0 1 10 11 12 14 15 17 18 19 8 9 9 9 9
1 10 11 12 14 15 17 18 19 2 6 9 9 9 9
0 1 10 12 13 14 15 17 18 19 3 8 9 9 9
0 1 10 11 12 14 16 17 18 19 2 3 9 9 9
1 10 11 12 13 14 17 19 3 5 7 8 9 9 9
10 11 12 13 15 16 2 4 5 6 8 9 9 9 9
0 10 12 13 14 15 18 2 3 7 8 9 9 9 9
0 1 10 11 12 15 16 17 19 5 7 9 9 9 9
0 1 11 14 15 17 18 19 2 3 5 6 8 9 9
0 1 10 11 12 15 16 18 2 5 6 7 9 9 9
1 10 12 14 15 16 17 18 19 3 8 9 9 9 9
0 1 10 12 13 15 16 17 18 6 7 9 9 9 9
1 10 11 12 14 15 17 18 19 2 3 7 8 9 9
0 10 11 12 15 16 18 19 2 3 6 7 9 9 9
1 10 11 12 13 15 17 18 19 2 3 7 9 9 9
0 1 11 13 15 16 18 19 2 5 7 9 9 9 9
0 1 10 12 15 16 17 19 2 6 7 9 9 9 9
0 1 10 11 12 15 16 17 18 2 5 8 9 9 9
0 1 10 12 13 15 16 17 18 3 5 9 9 9 9
0 1 10 11 12 13 15 17 18 19 2 9 9 9 9
0 1 12 13 14 18 2 3 5 6 7 9 9 9 9
0 1 11 14 16 19 2 3 4 6 8 9 9 9 9
0 11 12 13 14 15 18 19 3 7 8 9 9 9 9
1 10 11 12 14 15 17 18 19 2 7 8 9 9 9
1 10 11 12 13 14 15 16 17 18 19 8 9 9 9
0 1 10 11 16 18 19 2 3 5 7 9 9 9 9
1 10 11 12 13 14 15 16 17 18 2 3 9 9 9
0 10 12 13 14 15 16 18 19 2 5 8 9 9 9
0 1 10 12 13 14 15 16 17 18 19 3 9 9 9
0 10 12 14 15 17 18 2 5 6 7 8 9 9 9
0 1 10 13 14 18 19 2 5 6 7 8 9 9 9
1 11 12 13 14 16 19 2 3 4 9 9 9 9 9
0 1 10 11 12 13 15 19 2 3 4 8 9 9 9
0 1 10 11 12 13 18 3 4 5 9 9 9 9 9
0 1 11 12 14 15 16 18 2 3 7 9 9 9 9
1 10 12 13 14 16 17 18 19 2 3 6 8 9 9
0 1 10 13 14 15 16 17 18 19 2 5 9 9 9
0 1 10 11 13 14 15 16 17 18 19 5 8 9 9
0 1 10 12 13 14 15 16 18 19 3 8 9 9 9
0 11 13 14 15 16 17 18 19 5 6 8 9 9 9
0 10 11 13 14 18 19 2 3 5 6 8 9 9 9
10 11 12 14 17 18 19 2 3 5 6 8 9 9 9
1 10 11 13 14 15 16 18 19 5 6 9 9 9 9
0 10 11 12 14 15 16 2 4 7 8 9 9 9 9
0 1 10 11 12 14 15 16 18 19 6 7 9 9 9
0 1 10 11 12 13 14 15 17 18 2 3 5 9 9
0 1 10 11 12 13 14 17 18 4 7 8 9 9 9
0 1 10 11 12 13 14 15 18 19 2 3 9 9 9
0 1 10 12 14 17 18 2 3 6 7 9 9 9 9
0 1 10 11 12 13 14 15 16 17 7 8 9 9 9
0 1 10 11 12 13 14 15 17 4 5 7 9 9 9
0 1 11 12 14 15 18 19 2 3 5 6 8 9 9
1 12 14 17 18 19 2 3 4 6 7 9 9 9 9
1 11 12 14 16 17 19 3 4 6 7 9 9 9 9
1 10 11 12 13 15 19 2 4 5 8 9 9 9 9
1 10 11 12 13 15 16 18 19 3 7 8 9 9 9
0 1 10 12 14 16 18 19 2 3 6 8 9 9 9
0 1 10 11 12 16 17 18 19 5 8 9 9 9 9
0 1 11 13 16 17 18 19 2 3 8 9 9 9 9
0 10 12 13 14 16 17 18 2 4 5 6 8 9 9
0 1 10 11 13 14 19 2 5 6 7 8 9 9 9
0 1 10 11 12 13 14 15 16 2 4 5 8 9 9
0 1 10 11 12 13 14 15 2 3 5 8 9 9 9
0 1 10 11 13 16 2 3 4 5 9 9 9 9 9
1 10 11 12 13 14 15 16 17 19 4 8 9 9 9
0 1 10 11 12 13 14 19 2 6 7 9 9 9 9
0 1 10 12 13 14 15 16 17 19 2 9 9 9 9
1 10 11 12 14 15 16 17 3 4 7 8 9 9 9
1 10 11 13 14 15 17 2 4 5 7 9 9 9 9
0 10 12 14 15 17 18 19 2 4 6 9 9 9 9
0 10 11 12 13 16 17 18 2 5 6 7 8 9 9
10 11 12 13 14 15 19 2 3 4 5 6 9 9 9
0 1 10 11 13 15 16 17 18 8 9 9 9 9 9
1 10 11 12 16 17 18 19 2 5 9 9 9 9 9
1 12 13 14 15 17 18 3 4 5 6 8 9 9 9
0 1 10 12 13 17 18 19 2 5 6 8 9 9 9
0 10 11 12 13 18 19 2 3 4 5 6 9 9 9
0 1 10 11 12 13 14 16 17 19 3 7 9 9 9
0 1 10 11 12 13 2 3 5 6 7 8 9 9 9
0 1 10 12 14 16 17 3 5 6 8 9 9 9 9
0 1 11 12 13 14 15 16 17 18 19 6 8 9 9
0 1 10 12 13 15 19 2 5 6 7 8 9 9 9
0 10 11 12 13 14 16 17 19 5 6 8 9 9 9
0 10 12 14 15 17 18 19 2 3 6 9 9 9 9
10 12 13 16 17 19 2 5 6 7 8 9 9 9 9
10 11 12 13 14 15 17 18 2 5 6 8 9 9 9
0 1 10 14 15 16 19 2 3 5 8 9 9 9 9
0 10 11 12 13 14 17 19 2 3 5 6 8 9 9
0 1 10 11 12 14 15 18 19 2 7 9 9 9 9
0 1 10 12 13 15 17 18 19 2 3 4 6 9 9
1 10 11 12 13 14 2 3 4 5 6 8 9 9 9
0 10 12 13 14 17 18 19 3 5 6 7 9 9 9
0 1 10 11 13 15 16 17 18 2 3 5 9 9 9
0 1 10 11 13 14 15 16 17 2 9 9 9 9 9
0 1 11 13 15 16 17 18 5 6 8 9 9 9 9
0 1 14 15 16 17 18 19 2 3 7 8 9 9 9
0 1 10 12 15 17 18 19 2 3 7 8 9 9 9
0 1 10 11 12 15 16 18 19 5 6 9 9 9 9
10 11 12 14 15 17 19 2 4 5 6 9 9 9 9
1 10 11 13 15 16 17 18 19 5 8 9 9 9 9
0 1 10 11 12 15 17 18 19 5 6 9 9 9 9
0 10 11 12 13 14 16 19 2 6 8 9 9 9 9
0 10 11 12 13 15 16 18 19 2 3 5 9 9 9
0 1 10 11 12 13 14 15 19 5 7 8 9 9 9
1 11 12 14 17 18 19 2 3 5 7 8 9 9 9
0 1 10 11 14 15 16 17 18 19 6 9 9 9 9
0 1 10 11 12 13 15 18 5 6 7 9 9 9 9
0 10 12 13 14 16 17 2 3 4 7 9 9 9 9
0 1 10 12 13 16 17 19 2 4 5 9 9 9 9
0 1 10 11 12 13 14 15 18 19 4 7 9 9 9
0 1 11 12 14 15 18 19 2 6 7 9 9 9 9
0 1 11 13 14 15 16 19 5 7 8 9 9 9 9
0 1 11 12 13 14 19 2 5 6 7 8 9 9 9
0 11 12 13 14 16 17 19 3 6 7 9 9 9 9
11 12 13 15 17 18 19 2 5 6 7 9 9 9 9
0 10 12 14 17 18 19 2 5 6 7 9 9 9 9
1 10 12 13 16 17 18 19 2 3 7 8 9 9 9
1 10 12 13 14 15 16 19 2 3 4 8 9 9 9
0 1 10 11 13 14 15 16 17 18 9 9 9 9 9
0 1 11 12 13 17 18 19 2 3 8 9 9 9 9
0 1 10 12 13 14 15 18 19 2 5 6 8 9 9
0 1 10 11 13 14 15 16 19 2 3 9 9 9 9
1 10 11 12 13 14 15 18 2 3 5 8 9 9 9
10 11 12 13 14 15 16 17 18 2 7 8 9 9 9
0 10 11 13 14 15 18 19 2 3 5 7 9 9 9
0 1 10 11 14 15 16 17 2 3 6 8 9 9 9
0 10 11 12 14 15 16 19 2 3 8 9 9 9 9
0 1 10 11 12 13 16 17 4 5 8 9 9 9 9
0 1 10 12 14 17 19 2 5 6 7 9 9 9 9
0 1 11 12 15 16 17 18 19 3 5 9 9 9 9
0 1 12 13 15 17 18 19 5 6 7 8 9 9 9
0 10 11 13 14 16 17 18 19 3 5 6 9 9 9
0 1 10 11 12 17 18 19 2 4 8 9 9 9 9
0 1 10 11 12 15 17 19 2 5 8 9 9 9 9
0 1 10 11 12 13 14 15 17 18 19 6 8 9 9
0 1 11 12 13 14 16 17 19 2 4 8 9 9 9
1 10 11 12 13 15 17 18 3 5 6 7 9 9 9
0 1 10 11 13 16 19 2 3 4 5 8 9 9 9
0 1 11 12 14 15 17 19 2 3 6 8 9 9 9
0 1 10 12 13 17 18 19 2 3 4 5 9 9 9
0 1 10 11 12 13 15 17 3 5 6 9 9 9 9
1 10 11 12 13 15 19 2 3 5 8 9 9 9 9
0 1 11 12 13 15 16 19 2 4 6 8 9 9 9
1 10 12 13 16 17 18 2 4 5 6 8 9 9 9
1 10 12 13 14 15 16 17 18 19 3 5 6 9 9
1 11 12 13 17 18 19 2 3 4 8 9 9 9 9
0 10 12 14 15 16 17 2 3 4 7 8 9 9 9
0 1 10 11 12 13 15 17 19 2 3 9 9 9 9
10 11 12 13 14 15 16 17 3 4 5 9 9 9 9
0 1 10 12 13 14 15 16 17 19 2 5 9 9 9
0 10 11 14 15 16 19 2 3 5 9 9 9 9 9
1 10 11 14 15 16 17 19 2 3 4 9 9 9 9
10 11 13 14 15 17 18 2 3 5 7 8 9 9 9
0 10 12 13 14 15 16 18 19 2 6 9 9 9 9
0 1 10 11 12 13 15 18 2 3 6 7 9 9 9
0 1 10 13 14 16 17 18 19 3 5 8 9 9 9
1 10 12 13 14 19 2 3 5 6 7 8 9 9 9
0 1 10 11 12 13 17 18 19 3 4 9 9 9 9
0 1 12 13 14 15 16 17 18 19 2 9 9 9 9
0 1 10 11 12 13 14 15 5 6 7 9 9 9 9
10 11 12 15 16 17 18 19 2 3 5 6 8 9 9
0 1 10 11 13 14 16 17 18 19 3 9 9 9 9
0 1 10 12 14 17 18 19 2 3 5 6 8 9 9
1 10 13 14 15 19 2 3 4 5 8 9 9 9 9
0 1 10 11 13 14 15 17 18 19 2 3 9 9 9
0 1 10 11 12 15 16 17 19 5 8 9 9 9 9
1 10 11 12 13 14 15 17 2 4 5 7 8 9 9
0 1 10 11 12 14 16 19 3 4 9 9 9 9 9
0 1 12 13 14 15 16 18 5 6 8 9 9 9 9
1 11 12 13 14 15 16 19 2 5 6 8 9 9 9
1 10 11 12 13 14 15 17 18 19 4 7 9 9 9
0 1 12 14 15 17 18 19 2 5 6 7 8 9 9
0 1 10 12 14 15 16 18 19 3 7 8 9 9 9
0 1 10 11 12 13 14 18 2 3 7 9 9 9 9
1 10 11 12 13 14 18 19 3 4 5 6 9 9 9
1 10 11 12 14 15 16 2 3 5 6 8 9 9 9
0 1 10 11 12 13 14 15 19 6 7 9 9 9 9
0 1 10 11 14 15 16 17 19 3 5 9 9 9 9
0 1 10 12 13 15 16 17 18 2 8 9 9 9 9
0 1 10 11 12 14 15 16 18 19 5 6 9 9 9
0 1 10 11 12 13 15 17 18 5 7 8 9 9 9
0 1 10 11 12 13 15 17 18 5 8 9 9 9 9
0 10 11 13 14 15 17 18 19 3 6 8 9 9 9
0 1 12 13 14 15 19 2 5 6 7 9 9 9 9
0 1 11 13 14 16 17 18 19 2 5 9 9 9 9
0 1 10 11 12 13 17 18 19 2 5 6 9 9 9
0 1 10 12 14 15 17 19 2 3 5 9 9 9 9
0 1 12 13 16 17 18 19 2 5 6 8 9 9 9
0 1 12 13 14 15 16 17 18 19 2 5 6 9 9
1 11 12 14 17 19 2 3 4 6 7 8 9 9 9
0 1 11 14 15 16 17 18 19 6 8 9 9 9 9
0 1 10 13 14 16 17 18 2 3 4 9 9 9 9
0 1 10 11 12 14 17 18 19 2 3 8 9 9 9
0 1 11 13 17 18 19 2 3 4 5 8 9 9 9
0 11 12 13 14 15 16 17 19 3 8 9 9 9 9
0 1 11 12 14 15 17 18 19 3 6 9 9 9 9
1 10 12 13 14 15 16 17 2 3 7 8 9 9 9
0 1 11 12 13 14 16 17 18 19 2 8 9 9 9
0 1 10 12 13 14 17 19 2 3 7 8 9 9 9
0 11 12 13 15 16 17 18 19 2 3 4 5 9 9
1 11 13 14 15 17 18 19 3 5 8 9 9 9 9
0 1 11 12 14 15 18 19 2 4 6 8 9 9 9
0 1 10 11 12 13 15 16 17 19 5 8 9 9 9
0 1 11 12 13 15 18 19 2 5 8 9 9 9 9
1 10 11 12 15 16 18 2 5 6 8 9 9 9 9
0 1 10 14 15 16 17 18 19 2 3 7 9 9 9
0 10 12 13 14 15 16 18 19 6 8 9 9 9 9
1 10 11 12 13 14 16 19 2 4 6 8 9 9 9
0 10 11 12 13 15 16 17 18 2 3 7 8 9 9
0 1 10 11 12 16 18 2 3 4 6 8 9 9 9
0 11 13 14 15 17 18 2 3 5 6 9 9 9 9
1 10 11 12 13 14 15 16 19 2 5 6 9 9 9
0 1 11 12 13 15 18 2 5 6 7 9 9 9 9
1 10 12 13 16 17 18 19 2 3 5 7 9 9 9
0 1 10 11 12 13 14 15 16 18 7 8 9 9 9
12 13 14 15 16 17 18 19 2 3 4 8 9 9 9
0 1 10 11 12 13 14 17 19 3 6 8 9 9 9
0 1 10 11 12 13 14 15 16 17 18 2 8 9 9
0 10 11 14 15 16 18 19 2 5 6 7 8 9 9
1 11 13 14 15 19 2 3 4 5 6 9 9 9 9
0 1 10 11 12 13 14 15 16 17 18 2 3 9 9
10 11 12 13 14 17 19 2 5 6 7 8 9 9 9
0 10 11 13 15 16 17 18 5 6 8 9 9 9 9
0 10 11 12 13 14 16 2 4 6 8 9 9 9 9
1 10 11 12 13 15 19 2 3 4 5 6 8 9 9
0 1 10 11 12 14 15 16 17 7 8 9 9 9 9
0 1 10 11 12 13 14 18 19 5 7 9 9 9 9
0 1 10 12 13 14 17 18 19 2 5 6 9 9 9
0 10 12 13 14 16 17 18 5 6 8 9 9 9 9
0 1 10 12 13 14 19 2 3 6 8 9 9 9 9
1 10 11 12 13 14 17 18 19 2 5 8 9 9 9
1 10 12 13 14 15 16 2 6 7 9 9 9 9 9
1 10 11 12 13 14 17 18 2 4 7 9 9 9 9
0 1 10 11 12 13 14 16 17 18 9 9 9 9 9
0 10 11 13 14 16 19 2 4 5 9 9 9 9 9
1 11 13 14 15 16 18 19 2 3 4 5 9 9 9
0 10 11 13 16 18 19 2 4 5 8 9 9 9 9
0 1 10 12 13 15 16 2 4 5 6 8 9 9 9
1 10 11 12 14 17 19 2 3 5 7 9 9 9 9
0 1 11 12 13 15 16 17 18 19 4 5 7 9 9
0 10 12 14 15 16 19 2 4 5 9 9 9 9 9
10 11 12 13 14 15 16 18 19 2 6 9 9 9 9
0 1 10 11 13 14 15 19 2 3 6 8 9 9 9
0 1 10 11 12 13 14 15 16 2 8 9 9 9 9
0 1 10 12 13 15 16 18 5 6 9 9 9 9 9
1 13 14 15 16 17 3 4 5 6 7 9 9 9 9
1 11 13 15 16 17 18 19 2 3 4 5 9 9 9
0 1 10 11 12 13 17 18 19 2 8 9 9 9 9
0 1 10 11 12 13 14 15 17 18 19 3 6 9 9
0 10 12 13 16 17 18 19 2 5 7 9 9 9 9
0 1 11 12 14 15 17 18 19 3 5 6 9 9 9
0 10 11 14 15 16 17 2 3 5 7 8 9 9 9
0 1 10 13 14 15 16 17 18 19 2 3 7 9 9
0 1 10 11 12 13 14 16 17 18 19 6 9 9 9
0 1 11 12 13 15 16 2 4 5 8 9 9 9 9
10 11 12 13 14 16 18 19 2 5 6 7 9 9 9
1 10 12 15 17 19 2 3 4 6 7 8 9 9 9
1 10 11 12 13 14 16 19 4 5 9 9 9 9 9
1 10 11 12 13 14 15 16 17 18 19 8 9 9 9
0 1 10 12 14 15 16 17 3 6 7 9 9 9 9
0 1 10 11 12 13 14 17 18 19 4 8 9 9 9
0 1 10 11 12 13 15 19 2 3 5 9 9 9 9
0 10 14 15 16 17 19 2 5 6 7 8 9 9 9
0 1 10 11 13 14 17 18 19 2 3 7 9 9 9
0 1 10 11 13 14 16 17 18 19 5 9 9 9 9
0 1 10 11 12 13 14 16 19 3 5 9 9 9 9
10 11 12 14 15 18 19 4 5 6 8 9 9 9 9
0 1 11 13 14 15 16 17 18 19 9 9 9 9 9
0 1 10 11 12 13 14 15 17 18 19 2 3 9 9
0 1 10 11 12 13 14 17 19 2 8 9 9 9 9
0 1 12 14 16 17 18 19 3 5 6 8 9 9 9
1 10 11 12 13 15 17 18 19 2 5 6 8 9 9
0 1 10 12 13 14 15 16 17 18 19 9 9 9 9
0 1 10 11 12 13 15 17 19 3 5 8 9 9 9
10 11 12 15 16 17 18 19 5 6 7 8 9 9 9
0 1 10 11 12 13 17 19 2 4 8 9 9 9 9
11 12 13 14 16 17 19 2 4 5 6 8 9 9 9
0 1 11 13 14 15 18 19 3 5 8 9 9 9 9
0 1 10 12 13 18 19 3 4 5 8 9 9 9 9
0 1 13 14 15 16 17 18 19 4 7 9 9 9 9
0 1 11 12 13 17 18 19 3 4 8 9 9 9 9
0 1 11 13 14 16 17 18 19 2 5 8 9 9 9
0 1 11 12 13 14 15 16 18 4 5 8 9 9 9
0 10 11 13 14 15 16 19 2 3 5 9 9 9 9
0 10 11 12 13 15 17 2 3 4 5 9 9 9 9
0 1 12 13 14 16 17 19 2 5 6 7 9 9 9
0 1 10 11 12 16 17 18 19 5 8 9 9 9 9
0 1 10 12 13 15 19 2 3 6 8 9 9 9 9
0 1 10 11 12 13 14 15 19 2 3 5 9 9 9
1 10 11 12 13 14 15 16 19 2 3 9 9 9 9
0 10 11 12 13 15 16 17 2 3 6 8 9 9 9
0 10 11 12 13 15 16 17 18 19 3 7 8 9 9
0 1 10 11 13 14 15 17 18 19 3 8 9 9 9
0 1 10 12 13 14 16 2 6 7 9 9 9 9 9
1 11 12 13 15 16 17 18 19 2 3 5 6 9 9
0 1 10 11 12 13 14 15 19 2 3 4 9 9 9
0 1 10 14 15 16 17 19 2 3 7 8 9 9 9
0 10 12 13 14 15 17 18 2 5 6 9 9 9 9
0 1 10 14 15 16 17 18 19 2 6 9 9 9 9
0 1 10 11 12 13 17 18 19 2 4 9 9 9 9
10 11 13 14 15 18 19 2 3 5 6 7 8 9 9
1 11 12 13 14 15 16 17 18 19 4 8 9 9 9
1 10 11 12 13 14 15 16 17 19 5 9 9 9 9
0 1 11 12 14 15 17 19 4 5 7 9 9 9 9
1 10 11 12 13 16 17 19 2 5 6 8 9 9 9
0 10 11 12 13 14 15 16 19 3 8 9 9 9 9
0 1 10 11 13 14 15 16 18 5 6 8 9 9 9
0 10 11 14 15 17 18 19 5 6 7 9 9 9 9
1 10 11 12 14 15 16 17 19 3 5 7 9 9 9
0 1 10 12 13 16 17 19 2 3 4 9 9 9 9
0 1 10 11 12 14 15 16 17 19 3 9 9 9 9
0 1 11 12 14 15 17 18 19 2 6 7 9 9 9
0 1 10 11 12 13 14 15 16 17 18 19 9 9 9
0 10 11 13 14 15 16 17 18 19 8 9 9 9 9
0 11 12 13 15 17 18 2 5 6 7 9 9 9 9
0 13 14 15 17 19 2 4 5 6 8 9 9 9 9
1 10 11 12 14 16 17 19 3 6 8 9 9 9 9
0 10 12 13 14 15 16 17 18 19 2 9 9 9 9
10 11 13 14 15 18 19 2 3 5 7 9 9 9 9
0 1 11 13 15 16 17 18 3 5 6 7 9 9 9
10 11 12 13 14 16 17 4 5 6 7 9 9 9 9
0 1 10 12 13 14 17 18 2 3 5 8 9 9 9
0 1 10 11 12 13 15 18 2 3 7 9 9 9 9
1 10 13 14 15 16 19 2 3 5 8 9 9 9 9
0 1 11 13 14 15 16 18 19 2 5 6 9 9 9
0 11 12 13 16 17 18 19 2 3 4 5 9 9 9
0 1 10 11 12 13 15 16 17 18 8 9 9 9 9
0 1 11 13 14 15 16 17 3 4 6 9 9 9 9
1 10 13 14 15 16 17 18 19 3 4 6 9 9 9
1 10 11 12 15 16 17 18 19 2 5 8 9 9 9
0 1 10 13 14 16 17 3 4 5 6 9 9 9 9
0 1 12 13 14 16 17 19 2 5 7 9 9 9 9
0 1 10 11 12 13 17 18 3 5 9 9 9 9 9
10 11 12 14 15 16 17 19 2 3 5 8 9 9 9
0 1 11 12 14 15 19 2 3 5 6 9 9 9 9
0 1 10 11 12 13 17 18 19 2 8 9 9 9 9
0 10 12 13 14 17 18 19 5 6 8 9 9 9 9
1 10 11 12 13 15 16 17 18 19 8 9 9 9 9
0 1 10 11 13 14 18 19 2 5 7 8 9 9 9
0 11 13 14 16 19 2 3 4 5 8 9 9 9 9
1 10 11 12 15 16 17 18 19 2 7 8 9 9 9
0 1 10 12 13 14 15 17 2 3 5 8 9 9 9
0 10 13 14 16 17 18 19 2 5 6 9 9 9 9
0 1 10 11 12 13 14 18 19 3 5 6 7 9 9
0 1 11 14 15 18 19 2 3 4 5 7 8 9 9
0 1 10 13 14 15 16 2 3 4 8 9 9 9 9
0 1 10 12 13 14 15 17 2 3 5 9 9 9 9
0 1 10 11 12 13 14 15 18 2 5 9 9 9 9
0 10 11 12 13 14 15 16 17 19 3 8 9 9 9
0 1 10 11 12 13 15 16 19 2 4 5 9 9 9
0 10 11 13 15 16 17 2 3 7 8 9 9 9 9
0 10 11 12 13 14 15 19 2 3 7 9 9 9 9
0 10 11 12 13 15 17 18 19 2 3 6 9 9 9
0 1 14 15 16 17 18 19 2 3 7 8 9 9 9
0 1 10 11 12 13 14 15 16 19 5 9 9 9 9
0 1 13 14 16 17 18 19 4 5 8 9 9 9 9
1 11 12 15 16 17 18 19 2 5 8 9 9 9 9
0 1 10 11 12 14 15 17 18 19 3 6 7 9 9
0 10 11 12 14 15 16 17 19 2 3 4 9 9 9
0 11 12 13 14 15 16 19 2 5 7 8 9 9 9
0 1 11 12 14 15 16 17 18 19 7 9 9 9 9
0 1 10 11 14 15 3 4 5 6 7 9 9 9 9
0 11 12 14 15 17 18 19 3 5 6 7 9 9 9
0 1 10 12 13 14 16 18 19 2 3 7 9 9 9
0 1 10 11 12 13 17 18 19 2 3 8 9 9 9
0 1 10 11 14 16 17 18 19 2 9 9 9 9 9
0 1 10 12 13 16 17 18 19 2 5 6 9 9 9
1 11 12 14 16 17 18 19 3 4 5 6 9 9 9
0 10 12 14 15 16 17 19 5 6 7 9 9 9 9
0 1 10 11 12 13 15 16 19 5 8 9 9 9 9
0 1 10 11 12 13 15 17 18 2 6 7 8 9 9
0 1 10 11 15 16 17 18 19 2 6 7 9 9 9
0 1 10 11 13 15 16 17 2 6 8 9 9 9 9
0 11 12 13 14 16 3 4 5 6 8 9 9 9 9
0 1 11 12 13 14 17 2 3 4 6 8 9 9 9
0 1 10 11 13 15 16 17 18 19 8 9 9 9 9
1 10 11 12 13 14 15 17 18 2 3 4 6 9 9
1 10 11 12 13 14 17 18 19 5 6 8 9 9 9
0 13 14 15 16 18 2 4 5 6 7 9 9 9 9
0 1 10 13 14 15 17 18 3 4 5 9 9 9 9
0 1 10 11 12 13 14 17 2 3 8 9 9 9 9
1 10 11 12 14 15 17 18 19 2 8 9 9 9 9
0 1 10 12 14 15 16 17 18 19 9 9 9 9 9
0 10 11 13 15 16 17 18 19 2 3 5 9 9 9
1 11 12 13 14 15 17 18 19 3 4 5 6 9 9
1 10 11 12 15 16 17 18 19 2 3 5 8 9 9
1 10 11 12 13 14 18 19 3 5 6 7 9 9 9
0 1 11 12 13 15 16 17 18 19 2 5 6 9 9
0 1 11 12 13 15 17 18 19 2 5 7 9 9 9
0 11 12 13 14 17 19 3 5 6 7 8 9 9 9
1 11 12 13 14 15 17 18 2 5 6 8 9 9 9
1 10 12 14 15 16 17 2 4 5 7 9 9 9 9
0 1 10 12 13 14 15 16 19 2 3 9 9 9 9
0 1 10 11 12 13 17 18 19 2 4 5 6 9 9
0 1 10 11 13 14 15 16 17 18 19 9 9 9 9
0 1 10 11 14 15 16 17 18 19 6 9 9 9 9
0 1 11 14 15 16 17 18 3 6 7 9 9 9 9
0 1 10 13 14 15 16 17 3 4 5 7 9 9 9
0 1 10 12 13 14 16 17 3 4 5 9 9 9 9
0 1 10 11 12 15 16 17 18 2 9 9 9 9 9
0 1 10 11 12 13 15 17 18 19 5 7 9 9 9
0 10 11 12 13 14 15 17 18 2 3 8 9 9 9
10 11 12 15 16 17 18 19 2 3 5 9 9 9 9
0 10 11 12 14 15 16 17 18 19 2 8 9 9 9
0 1 10 11 12 13 15 16 5 6 8 9 9 9 9
0 1 10 11 12 15 16 18 19 2 4 9 9 9 9
0 1 10 11 13 14 15 16 17 3 7 9 9 9 9
1 10 12 15 16 17 18 19 4 5 7 8 9 9 9
0 1 10 11 14 16 19 2 3 4 6 9 9 9 9
0 10 11 12 13 14 15 17 19 2 5 8 9 9 9
0 1 10 12 13 16 17 18 2 3 7 8 9 9 9
0 10 12 13 16 17 18 19 2 3 5 6 9 9 9
0 1 10 12 13 15 16 18 19 3 7 8 9 9 9
0 1 10 11 12 13 14 17 18 2 5 6 8 9 9
1 11 13 14 15 17 18 19 2 5 6 8 9 9 9
0 10 11 12 13 16 17 2 3 5 9 9 9 9 9
0 1 11 12 13 14 16 17 2 3 4 7 9 9 9
0 11 12 13 15 16 17 18 19 2 3 6 9 9 9
1 10 11 12 13 14 17 2 4 5 9 9 9 9 9
0 1 10 12 13 14 15 19 2 3 4 9 9 9 9
10 12 15 16 17 18 19 2 3 5 6 8 9 9 9
0 1 11 12 13 14 15 19 2 6 7 9 9 9 9
0 1 10 11 12 15 16 17 18 19 6 7 9 9 9
1 10 11 12 13 14 15 18 19 5 6 8 9 9 9
0 10 11 12 13 15 16 2 3 5 9 9 9 9 9
1 11 12 13 14 18 19 2 5 6 7 8 9 9 9
0 1 11 12 15 16 17 19 2 6 7 9 9 9 9
0 10 11 12 14 15 16 17 18 19 2 9 9 9 9
10 11 12 13 14 16 17 18 2 3 7 8 9 9 9
1 11 12 13 14 15 16 18 19 2 6 9 9 9 9
10 11 12 13 14 16 17 18 19 4 5 9 9 9 9
1 10 11 12 14 17 18 2 3 4 8 9 9 9 9
0 1 11 12 14 17 18 19 2 3 5 7 9 9 9
0 1 10 13 14 16 17 3 4 5 8 9 9 9 9
0 11 12 15 17 18 19 2 3 5 7 9 9 9 9
0 1 10 11 12 14 15 17 18 19 3 5 9 9 9
0 1 10 11 12 13 15 18 19 3 5 8 9 9 9
1 10 11 12 13 15 19 2 3 5 8 9 9 9 9
0 10 11 12 13 15 18 19 2 5 6 7 8 9 9
0 10 11 15 16 18 2 5 6 8 9 9 9 9 9
0 10 11 12 13 14 15 16 17 18 19 2 9 9 9
0 1 10 12 13 14 15 16 3 4 5 7 9 9 9
0 1 11 14 15 17 18 19 2 3 7 8 9 9 9
0 10 11 12 13 15 16 18 19 5 8 9 9 9 9
0 1 11 12 13 15 16 17 5 7 8 9 9 9 9
0 1 10 11 12 13 14 16 2 5 6 9 9 9 9
1 11 13 14 18 19 2 3 5 6 7 8 9 9 9
0 1 10 11 13 14 15 16 17 19 2 9 9 9 9
0 1 10 12 14 15 16 18 19 2 3 8 9 9 9
0 1 10 11 14 15 16 17 18 5 6 9 9 9 9
0 1 10 11 12 13 14 15 2 3 5 9 9 9 9
0 1 10 11 12 14 2 3 5 6 7 8 9 9 9
1 10 12 13 14 16 17 18 19 4 5 8 9 9 9
0 1 10 13 14 16 17 18 2 3 4 9 9 9 9
0 10 12 13 14 15 18 19 6 7 8 9 9 9 9
0 1 10 11 13 14 15 3 4 6 8 9 9 9 9
0 1 12 13 14 15 16 17 18 19 2 9 9 9 9
1 11 12 13 14 15 16 17 18 19 3 6 9 9 9
10 11 12 13 15 17 18 19 2 3 5 6 9 9 9
0 1 10 11 15 16 17 18 19 2 4 9 9 9 9
10 11 12 13 14 15 16 17 18 19 4 5 6 9 9
0 1 11 13 14 15 17 18 2 5 6 8 9 9 9
0 1 10 11 12 15 16 17 18 19 5 9 9 9 9
0 1 10 11 12 14 16 2 4 7 8 9 9 9 9
1 10 12 13 14 15 16 17 18 2 3 7 9 9 9
0 10 11 13 14 15 16 19 2 5 6 8 9 9 9
1 10 11 12 13 14 15 16 17 19 2 6 9 9 9
0 10 11 13 14 15 16 17 2 3 6 9 9 9 9
0 1 10 12 14 18 19 2 3 5 7 8 9 9 9
0 1 10 12 13 14 16 17 18 4 5 7 8 9 9
0 10 11 12 13 14 18 19 2 5 6 7 8 9 9
0 1 10 11 12 13 14 15 17 2 5 8 9 9 9
0 1 10 11 13 14 15 18 19 2 5 9 9 9 9
0 11 13 14 15 17 18 19 2 5 6 9 9 9 9
10 11 12 13 14 17 18 19 5 6 7 8 9 9 9
1 10 11 12 13 14 15 16 17 2 5 7 8 9 9
0 10 11 12 13 15 17 18 19 2 5 6 8 9 9
0 10 13 14 15 16 17 18 19 2 5 6 9 9 9
0 1 10 11 12 13 16 17 18 4 5 9 9 9 9
0 1 10 11 12 13 15 17 5 6 8 9 9 9 9
0 1 11 13 14 17 19 2 3 6 7 8 9 9 9
0 1 10 11 13 14 15 18 19 3 6 7 9 9 9
0 10 11 12 14 15 16 17 19 2 9 9 9 9 9
1 10 11 12 13 14 16 18 5 6 8 9 9 9 9
0 1 10 13 14 15 17 18 19 3 5 6 8 9 9
0 10 13 14 15 16 17 18 2 5 6 9 9 9 9
0 1 10 11 13 14 15 18 19 3 5 9 9 9 9
0 1 10 11 12 13 15 16 17 19 3 5 9 9 9
0 1 11 12 13 14 15 16 19 2 3 4 9 9 9
0 1 11 13 14 18 19 2 3 5 7 8 9 9 9
0 1 10 11 12 13 14 16 17 18 19 2 9 9 9
1 10 12 13 14 15 17 18 19 2 6 7 8 9 9
0 10 12 13 14 17 18 19 2 3 5 6 8 9 9
0 1 11 12 13 16 17 18 19 2 5 7 8 9 9
0 1 10 11 12 13 15 17 2 3 5 6 8 9 9
0 10 12 14 15 16 17 3 4 5 7 9 9 9 9
0 1 10 12 13 14 15 17 18 5 8 9 9 9 9
0 1 10 11 12 14 15 16 17 18 19 3 9 9 9
0 11 12 13 14 18 19 2 3 5 6 7 9 9 9
0 1 11 12 14 15 17 3 4 5 7 9 9 9 9
0 10 11 12 14 15 16 4 5 6 9 9 9 9 9
0 11 12 13 14 17 18 19 2 5 7 8 9 9 9
0 1 10 11 13 14 15 17 18 19 3 9 9 9 9
0 1 10 13 14 15 18 19 2 3 5 6 9 9 9
0 12 14 15 16 17 18 19 2 5 6 8 9 9 9
0 11 13 14 16 17 18 19 2 3 6 7 9 9 9
0 10 11 12 13 14 15 16 17 3 6 9 9 9 9
0 1 10 11 12 13 14 15 16 5 6 8 9 9 9
0 10 11 13 14 17 18 2 3 5 6 8 9 9 9
1 11 12 16 17 18 19 2 3 5 8 9 9 9 9
0 1 10 11 12 13 15 17 18 19 2 5 9 9 9
0 1 10 13 14 15 16 17 18 19 8 9 9 9 9
0 1 11 12 13 14 15 2 5 6 8 9 9 9 9
1 10 11 13 14 16 17 18 2 3 4 7 9 9 9
0 1 10 11 16 17 18 19 4 5 6 8 9 9 9
1 10 12 13 14 15 16 17 3 4 6 9 9 9 9
0 1 10 11 12 16 19 2 6 7 9 9 9 9 9
0 1 10 11 13 14 15 16 18 19 5 6 9 9 9
1 10 13 14 16 17 19 2 3 4 6 8 9 9 9
0 1 13 14 15 16 18 19 4 6 7 8 9 9 9
0 1 10 12 13 14 15 17 18 19 2 8 9 9 9
0 14 15 16 17 19 2 3 4 5 7 9 9 9 9
0 1 10 13 14 17 19 2 3 5 6 9 9 9 9
0 1 10 11 12 13 15 16 17 2 3 8 9 9 9
0 1 10 11 15 16 17 19 2 3 5 9 9 9 9
0 1 10 13 15 16 19 4 5 6 9 9 9 9 9
0 1 11 12 16 17 19 2 5 6 7 9 9 9 9
1 10 11 12 13 19 2 3 4 5 6 8 9 9 9
0 1 10 12 13 14 15 16 17 18 7 8 9 9 9
0 10 11 12 13 15 16 17 18 19 6 9 9 9 9
0 1 11 13 14 17 18 19 2 5 6 9 9 9 9
0 1 10 11 13 15 16 17 2 3 5 8 9 9 9
1 10 11 12 13 14 16 17 19 2 3 6 8 9 9
0 10 11 12 15 16 17 18 2 5 7 8 9 9 9
0 10 12 13 14 15 17 18 19 2 3 8 9 9 9
0 1 12 13 14 15 16 17 18 19 2 5 9 9 9
0 1 10 11 12 13 17 19 2 5 8 9 9 9 9
10 11 12 13 14 15 17 19 3 5 6 9 9 9 9
0 10 11 12 13 14 15 16 17 18 9 9 9 9 9
0 1 10 11 12 13 14 15 18 3 4 5 9 9 9
0 1 10 11 12 13 18 19 2 5 6 8 9 9 9
0 1 10 12 14 15 16 17 18 19 5 9 9 9 9
10 11 12 13 14 15 17 18 5 7 8 9 9 9 9
0 10 14 15 16 17 18 19 5 6 8 9 9 9 9
1 10 11 14 15 18 19 2 3 5 6 7 8 9 9
1 11 15 17 18 19 2 3 4 5 6 8 9 9 9
1 11 12 13 15 16 17 2 3 5 8 9 9 9 9
1 10 11 12 13 14 15 16 17 19 3 9 9 9 9
0 10 11 12 14 15 16 17 18 19 3 5 9 9 9
0 1 10 12 13 14 15 19 3 5 8 9 9 9 9
0 1 10 11 12 13 14 15 5 6 8 9 9 9 9
10 11 12 13 14 15 16 17 18 19 3 9 9 9 9
0 1 10 11 14 15 16 17 18 19 9 9 9 9 9
1 11 12 14 15 16 17 18 19 4 6 7 9 9 9
0 11 13 14 15 16 17 2 3 4 5 7 9 9 9
0 1 11 13 15 16 17 18 19 3 6 8 9 9 9
1 10 12 13 14 15 17 2 3 4 5 7 8 9 9
1 10 11 12 13 15 16 17 18 19 2 5 9 9 9
0 10 11 12 13 15 17 19 2 3 5 9 9 9 9
0 10 11 14 15 16 19 2 3 5 7 9 9 9 9
0 10 11 12 14 16 17 18 19 2 6 9 9 9 9
10 11 12 13 14 15 16 17 18 2 5 8 9 9 9
0 10 11 12 13 14 15 16 19 2 8 9 9 9 9
1 10 12 13 14 18 19 2 3 5 7 8 9 9 9
0 1 11 12 13 19 2 3 5 6 7 8 9 9 9
0 1 10 12 13 15 17 18 19 2 3 5 8 9 9
1 13 14 15 16 17 18 19 3 4 6 9 9 9 9
0 11 12 13 14 17 18 19 2 5 6 8 9 9 9
10 12 13 14 15 17 18 19 3 4 5 6 9 9 9
0 10 11 12 14 16 19 2 3 4 5 8 9 9 9
0 12 13 15 16 17 19 2 3 5 6 8 9 9 9
1 10 12 14 15 17 18 2 3 5 6 9 9 9 9
1 10 11 12 14 15 16 19 5 6 8 9 9 9 9
0 10 11 12 16 17 18 19 2 3 5 6 8 9 9
0 1 10 14 15 16 18 19 3 6 7 8 9 9 9
0 1 11 12 13 14 16 17 18 19 3 4 5 9 9
0 10 12 13 14 15 16 17 18 19 5 9 9 9 9
0 1 10 11 13 17 18 19 2 5 8 9 9 9 9
0 1 10 11 12 13 14 15 5 6 8 9 9 9 9
0 1 10 11 15 16 17 18 19 5 7 8 9 9 9
0 1 10 11 13 14 15 16 4 5 8 9 9 9 9
0 1 12 13 14 15 17 18 19 3 4 9 9 9 9
0 10 11 13 14 15 16 17 18 19 2 3 4 9 9
0 1 10 11 12 13 17 18 19 2 8 9 9 9 9
0 1 10 11 13 14 15 16 17 18 19 9 9 9 9
1 10 11 14 16 17 19 2 3 5 7 9 9 9 9
0 1 10 11 12 14 15 17 2 3 8 9 9 9 9
0 10 11 12 13 14 16 17 18 2 7 8 9 9 9
0 1 11 13 14 16 18 19 2 3 6 8 9 9 9
1 10 11 13 14 17 18 19 2 5 6 8 9 9 9
0 1 11 12 13 14 15 18 19 5 6 8 9 9 9
0 1 11 12 13 14 18 2 5 6 7 8 9 9 9
0 10 11 13 14 16 17 18 19 3 7 8 9 9 9
0 10 11 12 14 15 18 2 3 7 8 9 9 9 9
1 12 14 15 16 17 18 19 2 3 4 9 9 9 9
0 1 10 11 12 14 16 17 18 19 3 9 9 9 9
0 1 10 12 13 14 15 16 17 3 4 9 9 9 9
0 11 12 13 14 15 16 19 2 4 5 9 9 9 9
0 1 10 12 13 14 19 2 3 4 5 6 9 9 9
0 1 12 13 15 18 19 2 3 5 8 9 9 9 9
1 10 11 12 13 15 16 17 19 2 3 5 9 9 9
0 11 12 13 14 15 16 17 18 2 5 9 9 9 9
0 1 10 11 12 13 17 19 2 5 6 7 9 9 9
0 1 10 11 12 13 14 16 17 19 2 3 9 9 9
1 11 12 13 14 18 19 2 3 5 7 8 9 9 9
0 1 10 12 13 14 17 18 19 2 7 8 9 9 9
0 10 12 13 15 16 19 2 4 5 6 8 9 9 9
0 1 10 11 12 14 15 16 5 6 8 9 9 9 9
10 11 12 13 14 15 16 2 3 6 8 9 9 9 9
0 1 11 12 13 14 16 2 3 5 8 9 9 9 9
0 11 13 14 15 16 17 3 4 5 7 9 9 9 9
0 1 10 12 13 14 16 17 19 2 6 9 9 9 9
0 1 10 11 13 17 18 19 2 5 8 9 9 9 9
1 10 13 14 15 16 17 19 4 5 6 8 9 9 9
1 10 12 13 14 15 16 17 3 4 5 7 9 9 9
1 10 11 12 13 18 19 2 5 6 7 8 9 9 9
1 10 12 13 14 15 2 3 4 5 6 8 9 9 9
0 1 10 11 13 14 15 16 17 4 5 8 9 9 9
0 10 11 14 16 17 18 19 2 6 7 9 9 9 9
0 1 12 13 15 16 17 18 19 5 8 9 9 9 9
0 11 12 13 14 16 17 3 5 6 8 9 9 9 9
0 1 10 11 13 14 17 18 3 5 6 9 9 9 9
0 1 11 12 15 16 19 2 3 5 8 9 9 9 9
0 1 10 11 13 14 15 16 17 3 4 7 9 9 9
0 10 14 15 16 17 18 19 3 4 5 9 9 9 9
0 1 10 11 12 13 14 18 19 2 5 6 8 9 9
0 1 10 11 13 14 15 16 17 19 3 5 9 9 9
0 10 11 12 14 15 18 19 2 3 7 9 9 9 9
0 1 10 12 14 16 17 18 19 3 5 9 9 9 9
0 1 11 12 13 14 15 17 18 19 5 8 9 9 9
0 10 11 13 14 15 16 17 2 5 8 9 9 9 9
0 1 10 11 13 14 15 17 18 19 8 9 9 9 9
0 1 10 11 13 15 17 18 19 2 3 9 9 9 9
0 10 11 13 14 16 19 2 4 5 9 9 9 9 9
0 1 10 11 13 14 16 17 18 19 8 9 9 9 9
0 1 10 11 13 14 16 19 2 6 8 9 9 9 9
0 1 10 11 13 14 15 16 19 4 5 8 9 9 9
0 1 11 12 13 14 15 19 4 5 6 8 9 9 9
0 1 10 11 12 13 14 15 19 2 4 8 9 9 9
0 1 10 12 13 14 16 17 18 19 4 8 9 9 9
0 10 11 12 14 15 16 18 2 5 8 9 9 9 9
0 1 10 11 14 15 16 17 18 3 4 9 9 9 9
0 10 11 12 13 14 16 18 19 2 5 7 8 9 9
1 10 11 12 14 15 16 19 2 4 5 9 9 9 9
0 1 11 12 13 14 16 17 19 2 4 8 9 9 9
0 1 10 11 12 13 15 16 19 5 6 9 9 9 9
0 1 10 11 12 13 14 15 17 2 3 6 9 9 9
0 10 12 13 14 15 16 18 19 3 6 9 9 9 9
0 11 13 14 15 19 2 3 5 6 7 8 9 9 9
1 10 11 12 14 16 17 18 19 2 6 9 9 9 9
0 10 11 12 13 15 17 18 3 4 5 6 9 9 9
0 10 11 12 14 15 16 18 19 3 7 8 9 9 9
0 1 10 11 12 14 15 3 4 5 6 9 9 9 9
0 1 10 11 12 13 15 17 18 19 2 3 6 9 9
0 1 10 11 13 14 15 18 19 5 8 9 9 9 9
0 10 11 12 13 14 16 19 2 3 6 8 9 9 9
0 1 11 12 13 14 16 19 2 3 9 9 9 9 9
0 11 12 13 14 17 18 19 2 3 6 8 9 9 9
0 1 10 12 14 16 17 18 19 2 3 9 9 9 9
0 10 11 12 13 14 16 19 2 6 8 9 9 9 9
0 1 10 11 12 13 14 15 16 3 4 5 9 9 9
0 1 10 11 12 17 18 2 3 4 5 8 9 9 9
0 1 10 11 12 14 15 17 18 19 2 6 9 9 9
1 10 11 13 15 16 17 18 19 4 8 9 9 9 9
0 1 10 12 13 14 17 18 19 3 7 8 9 9 9
0 1 10 12 13 14 16 17 18 19 3 8 9 9 9
0 1 10 12 13 14 15 17 18 2 3 8 9 9 9
0 1 10 11 12 13 15 16 2 4 5 8 9 9 9
0 1 10 11 14 16 17 2 3 5 8 9 9 9 9
1 10 11 13 15 16 17 18 19 2 3 7 9 9 9
0 1 12 13 14 15 16 2 4 6 8 9 9 9 9
0 1 11 12 15 16 17 18 19 6 8 9 9 9 9
0 10 11 13 14 15 16 19 2 3 4 8 9 9 9
0 1 10 12 14 15 16 18 19 3 4 5 6 9 9
0 12 13 17 18 19 2 3 4 5 6 9 9 9 9
0 1 10 11 12 13 14 18 19 2 6 7 8 9 9
0 1 10 11 13 15 16 17 18 19 2 9 9 9 9
1 10 11 12 14 15 16 17 5 6 8 9 9 9 9
0 10 11 12 14 15 16 19 4 5 9 9 9 9 9
0 1 11 12 14 17 19 2 4 5 6 8 9 9 9
0 1 11 14 15 19 2 3 4 5 8 9 9 9 9
0 1 10 11 12 13 15 17 4 5 8 9 9 9 9
0 1 10 11 12 13 14 17 18 2 3 7 9 9 9
10 11 12 13 16 17 18 19 2 4 5 6 8 9 9
0 10 11 12 14 15 19 4 5 6 9 9 9 9 9
0 10 11 12 13 14 15 17 2 3 4 5 9 9 9
0 1 10 11 12 13 14 15 17 18 2 8 9 9 9
1 12 13 14 15 19 2 3 4 5 6 8 9 9 9
0 1 10 13 14 16 17 18 3 5 6 9 9 9 9
0 1 12 13 14 16 17 18 2 3 7 8 9 9 9
1 10 11 13 15 16 19 2 3 4 8 9 9 9 9
0 1 12 13 14 18 19 3 5 6 7 8 9 9 9
0 10 11 12 13 14 15 18 19 6 8 9 9 9 9
0 1 10 11 12 14 15 18 19 3 5 9 9 9 9
0 1 10 11 12 13 15 16 2 4 7 8 9 9 9
0 10 11 12 16 17 18 19 2 5 8 9 9 9 9
0 1 11 12 13 14 15 17 18 19 8 9 9 9 9
0 1 10 13 14 15 16 18 19 2 6 9 9 9 9
1 11 12 13 15 17 18 2 3 6 7 8 9 9 9
0 1 11 12 13 16 17 18 19 6 7 9 9 9 9
10 11 12 13 14 15 17 18 19 2 6 8 9 9 9
0 10 12 13 14 16 19 2 6 8 9 9 9 9 9
0 1 11 14 16 17 19 4 5 6 8 9 9 9 9
0 1 10 11 12 13 15 16 17 18 19 3 7 9 9
0 10 11 12 13 17 18 19 2 5 6 7 8 9 9
0 1 10 12 13 14 15 16 2 4 7 8 9 9 9
1 10 11 12 13 15 16 19 2 5 8 9 9 9 9
1 10 12 13 14 15 17 18 19 2 3 4 9 9 9
0 1 10 11 12 13 14 15 2 3 5 9 9 9 9
1 10 12 13 14 15 16 17 18 2 7 8 9 9 9
0 1 10 13 14 15 16 18 19 2 3 5 6 9 9
1 10 11 14 15 16 17 18 19 2 3 4 9 9 9
1 13 16 17 18 19 2 3 4 5 9 9 9 9 9
0 1 10 12 14 17 18 2 3 4 7 8 9 9 9
0 1 10 11 14 15 17 18 19 2 7 9 9 9 9
0 1 10 11 12 14 19 2 6 7 8 9 9 9 9
0 1 10 12 13 14 15 16 17 3 5 9 9 9 9
0 1 10 11 12 14 16 17 18 19 2 8 9 9 9
0 1 11 12 13 14 18 19 2 3 5 7 9 9 9
0 1 10 12 13 18 19 2 3 4 5 8 9 9 9
1 10 12 14 15 16 18 19 2 3 5 6 8 9 9
0 1 10 12 14 15 16 17 19 4 5 6 9 9 9
0 1 10 11 12 13 15 16 19 2 4 8 9 9 9
0 10 12 13 14 18 19 3 5 6 7 8 9 9 9
0 10 11 12 13 14 15 16 18 19 2 9 9 9 9
0 11 12 13 15 16 17 18 19 2 3 5 6 9 9
1 10 11 12 13 14 16 19 2 3 4 9 9 9 9
0 10 11 12 14 15 16 18 19 2 3 8 9 9 9
0 10 11 12 13 15 17 3 4 5 7 9 9 9 9
0 11 12 13 14 15 17 18 19 3 6 9 9 9 9
0 10 11 12 16 17 18 2 3 5 8 9 9 9 9
0 10 12 14 15 17 18 19 2 3 5 8 9 9 9
0 1 11 12 13 14 16 19 3 5 8 9 9 9 9
1 10 12 13 16 17 18 3 5 6 7 8 9 9 9
0 1 10 11 12 13 14 15 16 17 2 7 8 9 9
0 11 12 13 17 18 19 2 3 4 8 9 9 9 9
0 10 11 12 13 14 15 19 2 3 4 9 9 9 9
0 10 12 13 14 17 18 19 2 5 9 9 9 9 9
0 1 10 11 12 13 14 17 19 2 6 9 9 9 9
0 1 11 14 15 16 17 19 2 3 8 9 9 9 9
0 1 10 14 15 16 17 18 2 4 6 7 9 9 9
0 1 10 12 13 14 15 2 3 4 5 6 9 9 9
1 11 13 14 15 17 18 2 4 6 7 8 9 9 9
0 10 11 12 13 15 18 19 2 3 4 8 9 9 9
1 10 13 14 15 16 17 18 19 2 3 7 8 9 9
0 1 10 11 12 13 16 2 4 5 7 9 9 9 9
0 10 11 13 14 15 16 2 4 5 6 8 9 9 9
0 1 10 11 12 14 15 16 17 18 4 8 9 9 9
0 10 11 12 13 14 15 16 17 19 2 7 8 9 9
0 10 11 12 13 14 15 16 18 19 2 5 9 9 9
0 11 13 14 15 16 17 19 2 3 5 9 9 9 9
0 1 10 11 17 18 19 2 3 7 8 9 9 9 9
1 10 12 13 15 16 17 18 5 6 7 8 9 9 9
0 1 10 11 12 13 14 15 17 2 3 8 9 9 9
0 10 13 14 15 16 17 18 19 4 9 9 9 9 9
0 11 12 14 16 17 18 19 2 3 6 8 9 9 9
0 1 10 11 13 15 17 19 3 4 5 9 9 9 9
0 1 10 12 13 14 15 16 19 3 5 8 9 9 9
1 10 11 12 13 17 18 3 4 5 6 8 9 9 9
0 1 10 11 12 13 18 19 2 3 4 8 9 9 9
0 1 10 11 12 13 15 18 19 2 5 6 9 9 9
0 1 10 11 12 13 15 17 18 19 2 3 9 9 9
0 1 10 11 12 13 15 17 18 19 2 8 9 9 9
1 10 11 12 13 15 17 18 19 4 5 6 9 9 9
0 1 10 12 14 16 18 19 2 5 6 7 9 9 9
0 1 10 12 13 14 16 17 18 2 5 9 9 9 9
0 1 12 13 14 16 17 18 19 5 6 9 9 9 9
0 1 10 12 13 14 15 16 18 19 2 9 9 9 9
0 1 11 12 13 14 15 16 17 19 7 9 9 9 9
0 10 11 12 13 14 15 16 17 19 2 5 9 9 9
0 1 10 11 14 15 16 17 18 19 8 9 9 9 9
0 10 12 13 14 17 18 19 2 5 6 9 9 9 9
0 11 12 13 14 15 16 17 19 5 7 8 9 9 9
1 10 11 12 14 15 17 18 19 3 4 9 9 9 9
1 12 13 14 15 16 17 19 3 5 6 9 9 9 9
10 11 12 15 16 18 2 5 6 8 9 9 9 9 9
10 11 13 14 15 16 17 18 19 5 6 8 9 9 9
0 1 11 12 15 16 17 19 5 6 7 9 9 9 9
0 1 11 12 14 15 16 17 18 19 2 9 9 9 9
1 10 11 12 14 15 17 18 3 4 5 9 9 9 9
0 10 11 12 13 15 16 19 2 5 7 8 9 9 9
1 10 11 12 14 15 16 18 19 6 8 9 9 9 9
0 1 11 13 14 15 17 18 2 5 6 9 9 9 9
1 12 13 14 15 16 17 18 19 2 5 6 8 9 9
0 1 11 12 13 14 15 16 17 18 19 3 4 9 9
0 1 10 11 12 13 14 15 16 4 5 9 9 9 9
1 10 12 13 14 15 17 18 19 4 7 9 9 9 9
0 1 10 11 12 14 17 18 19 3 4 9 9 9 9
0 1 10 13 14 15 16 17 18 2 7 9 9 9 9
1 11 13 15 17 18 19 2 3 5 6 8 9 9 9
1 10 11 12 13 14 18 19 2 3 5 7 9 9 9
0 1 10 12 13 16 17 18 3 4 5 6 8 9 9
1 12 13 16 18 19 2 3 4 5 8 9 9 9 9
0 1 11 12 14 15 16 17 18 19 5 8 9 9 9
0 10 11 12 13 17 18 19 2 3 5 6 9 9 9
1 10 12 14 15 17 18 19 3 5 8 9 9 9 9
1 11 12 13 14 15 17 18 19 3 4 9 9 9 9
0 1 10 11 14 15 17 19 3 5 6 9 9 9 9
0 10 11 13 15 16 17 2 4 5 7 8 9 9 9
0 1 10 12 13 14 16 17 19 2 8 9 9 9 9
0 1 10 12 13 15 16 17 18 2 5 8 9 9 9
0 1 10 11 13 14 16 17 18 19 2 9 9 9 9
0 10 11 12 13 14 15 16 18 4 5 8 9 9 9
0 11 12 13 17 18 19 3 5 6 7 8 9 9 9
0 1 11 12 13 17 18 19 2 5 8 9 9 9 9
0 10 12 13 15 16 17 18 19 2 5 6 9 9 9
10 11 13 14 15 17 18 19 2 3 5 7 8 9 9
0 1 10 11 12 14 17 18 19 2 3 9 9 9 9
10 11 12 13 14 15 17 2 3 4 7 8 9 9 9
0 1 10 11 13 14 16 17 3 5 6 7 8 9 9
0 1 10 11 12 13 14 15 16 18 19 9 9 9 9
0 10 12 13 14 15 17 18 2 7 8 9 9 9 9
0 10 12 13 14 15 18 19 3 6 7 8 9 9 9
0 1 10 11 12 13 18 19 2 3 5 9 9 9 9
0 1 12 13 14 15 16 2 5 6 9 9 9 9 9
0 10 11 16 17 18 19 2 3 7 8 9 9 9 9
0 1 12 13 16 17 19 2 3 4 8 9 9 9 9
0 10 11 12 13 14 15 16 17 19 2 5 9 9 9
0 1 10 13 17 18 19 2 3 4 5 9 9 9 9
1 11 12 15 16 17 18 19 3 6 8 9 9 9 9
1 10 11 13 14 15 16 17 18 19 3 4 9 9 9
1 11 12 13 14 15 16 18 19 5 6 7 9 9 9
0 1 10 11 12 15 17 18 19 2 3 6 9 9 9
0 1 10 11 12 14 16 19 3 5 8 9 9 9 9
0 1 10 11 12 13 14 18 19 3 5 9 9 9 9
0 1 11 12 13 15 16 17 19 5 8 9 9 9 9
0 1 10 14 15 16 17 18 19 2 4 5 9 9 9
0 11 12 13 14 16 17 18 19 2 3 8 9 9 9
0 10 11 12 17 19 2 5 6 8 9 9 9 9 9
1 10 11 14 15 17 18 19 3 5 6 8 9 9 9
0 1 10 12 13 18 19 2 4 5 8 9 9 9 9
0 1 11 12 15 16 17 18 19 2 3 8 9 9 9
0 10 11 12 13 14 16 17 19 2 6 8 9 9 9
0 1 11 12 13 14 16 17 19 4 5 7 9 9 9
0 1 11 12 13 14 17 2 4 5 6 9 9 9 9
0 1 10 12 13 14 15 17 18 19 3 4 9 9 9
0 1 10 11 13 14 17 19 3 5 6 8 9 9 9
0 1 10 11 13 15 19 2 3 5 7 9 9 9 9
0 1 10 11 12 13 14 15 16 2 4 8 9 9 9
0 1 10 11 13 14 15 16 17 18 19 4 9 9 9
0 11 12 14 15 17 18 19 2 5 6 7 8 9 9
0 1 11 12 13 14 15 16 2 4 7 8 9 9 9
0 1 10 13 14 16 17 18 19 5 6 9 9 9 9
11 12 13 14 15 16 17 18 2 3 4 5 9 9 9
1 10 12 14 16 17 18 19 2 3 5 9 9 9 9
0 12 13 14 15 17 18 19 2 5 6 9 9 9 9
0 10 12 13 14 15 18 2 3 7 8 9 9 9 9
0 1 11 12 13 14 15 17 19 2 5 6 9 9 9
1 10 11 12 13 14 15 3 4 5 6 7 8 9 9
0 1 10 11 13 15 16 2 3 5 8 9 9 9 9
0 10 11 12 13 14 16 17 18 19 3 6 9 9 9
0 10 11 12 13 14 17 2 3 6 8 9 9 9 9
0 1 10 11 15 16 17 19 5 6 8 9 9 9 9
0 1 10 12 13 14 15 19 2 4 8 9 9 9 9
1 10 11 12 13 14 15 17 18 2 3 6 9 9 9
0 1 10 11 12 15 16 17 18 19 5 8 9 9 9
0 1 12 13 14 18 2 5 6 7 8 9 9 9 9
0 11 12 13 17 19 2 3 4 5 6 8 9 9 9
0 10 11 12 13 14 18 19 2 3 6 8 9 9 9
0 1 10 12 13 14 16 18 19 2 3 5 9 9 9
1 10 11 12 13 14 17 18 19 2 3 7 9 9 9
1 10 11 12 13 14 15 17 19 2 8 9 9 9 9
10 11 12 14 15 16 17 3 4 5 7 9 9 9 9
0 10 11 12 13 17 18 19 3 4 8 9 9 9 9
0 10 11 13 14 15 16 17 2 3 7 8 9 9 9
0 1 11 12 13 14 15 16 17 2 3 4 9 9 9
0 1 10 11 13 14 15 17 18 2 3 9 9 9 9
0 10 12 13 14 15 16 19 4 6 8 9 9 9 9
0 1 10 12 13 14 16 17 18 19 3 4 9 9 9
0 1 11 13 14 15 2 3 4 5 7 9 9 9 9
0 1 10 11 12 13 14 15 16 17 8 9 9 9 9
0 10 11 12 13 15 16 19 2 5 8 9 9 9 9
1 10 11 12 13 16 18 19 2 5 6 8 9 9 9
0 1 10 12 14 15 16 17 19 2 6 9 9 9 9
0 1 10 11 12 13 14 15 16 5 6 8 9 9 9
0 10 11 12 13 15 18 19 5 6 7 9 9 9 9
0 1 10 12 14 18 19 2 5 6 7 8 9 9 9
0 1 10 11 14 15 17 19 4 5 8 9 9 9 9
0 1 10 11 12 14 17 18 19 2 6 9 9 9 9
0 1 10 12 13 17 18 19 2 5 6 8 9 9 9
0 1 10 11 14 18 19 2 4 5 6 9 9 9 9
0 1 11 15 16 18 2 3 5 8 9 9 9 9 9
0 10 11 12 13 15 16 17 18 2 3 8 9 9 9
1 10 11 12 13 16 17 18 19 2 3 4 5 9 9
0 11 12 13 15 16 17 18 19 2 5 6 9 9 9
0 11 12 13 14 15 17 18 19 5 6 9 9 9 9
0 10 11 12 13 15 16 18 19 5 6 7 8 9 9
0 1 11 12 14 15 16 17 18 19 2 3 4 9 9
0 1 11 12 13 15 16 17 18 19 7 8 9 9 9
0 11 12 13 14 15 19 2 3 5 6 9 9 9 9
0 1 10 12 14 16 17 18 19 2 9 9 9 9 9
0 1 10 11 12 14 15 17 2 3 8 9 9 9 9
0 1 10 11 13 15 16 19 4 5 6 8 9 9 9
0 10 11 13 14 18 19 3 4 5 6 9 9 9 9
0 1 11 12 14 15 16 19 2 3 5 7 9 9 9
0 1 10 11 12 13 14 15 2 5 7 8 9 9 9
0 11 12 13 15 16 17 18 19 2 3 8 9 9 9
0 10 11 13 14 15 16 19 2 3 4 9 9 9 9
1 10 11 12 13 17 18 19 2 3 4 8 9 9 9
0 1 10 13 14 15 19 3 4 5 7 9 9 9 9
1 10 11 12 13 15 17 18 19 2 5 8 9 9 9
0 10 11 12 15 16 17 18 19 2 5 9 9 9 9
0 1 12 13 15 16 17 18 19 2 3 5 9 9 9
0 1 11 12 13 14 16 17 2 3 5 8 9 9 9
0 1 10 13 14 15 16 17 18 5 8 9 9 9 9
0 1 10 11 12 13 14 15 3 6 7 8 9 9 9
0 1 10 11 12 15 18 19 2 3 5 6 7 9 9
0 1 10 12 13 14 15 17 18 2 3 6 8 9 9
1 12 13 14 16 17 18 19 2 5 6 9 9 9 9
10 11 12 13 14 15 17 18 2 3 4 6 9 9 9
0 1 11 13 14 15 16 19 2 3 8 9 9 9 9
0 1 10 11 12 13 14 15 3 4 7 8 9 9 9
1 10 11 13 14 17 18 19 2 3 5 7 8 9 9
1 10 12 13 16 17 18 19 2 3 6 8 9 9 9
0 1 10 13 14 15 16 17 18 19 2 9 9 9 9
0 1 10 12 13 14 15 16 5 6 8 9 9 9 9
1 11 12 14 16 19 2 4 5 6 8 9 9 9 9
0 13 14 15 16 17 18 19 2 5 6 8 9 9 9
0 10 11 12 13 17 19 2 3 4 8 9 9 9 9
0 1 11 12 14 15 16 2 3 4 8 9 9 9 9
1 12 13 14 15 16 2 3 4 7 8 9 9 9 9
0 1 10 11 12 13 14 17 18 19 6 9 9 9 9
0 1 10 12 13 14 15 18 19 2 3 4 9 9 9
0 1 10 11 12 13 14 15 16 17 18 7 8 9 9
0 10 12 14 15 16 18 19 2 6 7 9 9 9 9
1 10 11 12 13 16 17 18 19 2 3 5 9 9 9
0 1 10 11 12 13 14 16 2 4 7 8 9 9 9
0 1 10 11 12 13 14 15 19 5 8 9 9 9 9
12 13 14 15 17 18 19 2 4 5 6 8 9 9 9
0 1 10 12 13 14 16 19 4 5 8 9 9 9 9
0 1 10 11 12 13 14 15 16 6 8 9 9 9 9
0 1 10 12 13 14 15 19 2 3 5 7 9 9 9
0 1 10 12 13 15 17 19 2 3 5 6 9 9 9
0 1 10 11 12 16 17 18 2 8 9 9 9 9 9
0 1 10 11 12 13 15 16 17 18 2 3 9 9 9
1 10 11 12 13 14 16 17 18 19 3 4 6 9 9
0 1 10 11 13 15 18 19 2 3 8 9 9 9 9
0 10 11 13 14 15 18 19 2 5 6 8 9 9 9
0 1 10 11 12 14 16 19 2 4 8 9 9 9 9
0 1 10 12 13 14 15 16 17 4 7 8 9 9 9
10 11 12 13 14 15 16 17 18 19 2 5 8 9 9
0 1 10 11 13 15 16 19 2 3 4 9 9 9 9
0 1 10 12 13 14 15 17 18 19 2 3 4 9 9
10 11 12 13 14 15 16 17 19 2 4 5 9 9 9
0 10 11 12 13 14 15 17 18 2 5 7 8 9 9
0 1 10 12 13 14 15 16 17 18 19 6 9 9 9
1 10 11 12 13 14 15 16 17 18 19 8 9 9 9
1 11 12 13 17 18 19 2 3 4 6 8 9 9 9
0 1 11 12 13 14 16 17 19 5 8 9 9 9 9
0 1 10 12 13 17 18 19 2 3 4 9 9 9 9
0 1 10 11 14 18 2 3 5 6 7 8 9 9 9
1 12 13 15 16 19 2 3 4 5 8 9 9 9 9
1 10 11 12 13 14 15 16 17 19 5 9 9 9 9
0 10 11 12 13 16 17 18 3 6 7 8 9 9 9
1 10 11 12 14 15 17 18 19 2 3 7 8 9 9
0 1 10 11 16 17 18 19 2 3 7 8 9 9 9
1 10 11 12 13 15 17 2 3 4 5 8 9 9 9
0 1 10 11 13 14 15 19 2 3 6 8 9 9 9
0 1 10 11 12 13 16 17 19 2 3 5 9 9 9
0 10 11 12 13 14 15 18 4 6 8 9 9 9 9
1 11 12 13 14 15 17 18 19 2 5 6 8 9 9
0 1 10 12 13 15 16 17 18 19 8 9 9 9 9
10 11 12 13 14 15 17 18 19 5 8 9 9 9 9
0 1 10 11 13 14 19 2 3 4 7 9 9 9 9
1 11 12 13 15 18 19 2 3 5 6 9 9 9 9
0 10 11 14 15 19 2 3 4 5 6 9 9 9 9
0 1 12 13 14 15 16 17 18 2 3 5 9 9 9
0 1 10 11 12 17 18 19 2 5 8 9 9 9 9
0 1 10 11 12 14 15 16 2 6 8 9 9 9 9
0 1 10 12 13 16 17 18 19 2 5 6 9 9 9
0 10 11 12 13 14 15 17 18 19 3 9 9 9 9
0 1 10 11 12 13 15 16 17 4 5 9 9 9 9
1 10 11 12 13 14 15 19 2 3 5 9 9 9 9
0 1 10 13 15 16 19 2 3 4 5 9 9 9 9
0 1 10 11 12 13 14 16 19 3 5 9 9 9 9
0 1 10 11 12 13 14 15 17 19 6 8 9 9 9
1 10 11 12 13 15 18 19 3 5 7 8 9 9 9
0 1 10 12 13 17 18 2 3 4 9 9 9 9 9
0 1 11 12 13 14 17 18 19 5 8 9 9 9 9
0 1 10 12 13 14 15 16 17 19 5 8 9 9 9
0 1 10 13 14 15 16 17 18 19 2 9 9 9 9
0 10 11 12 13 14 17 18 19 3 6 8 9 9 9
0 1 10 12 13 14 16 19 3 4 5 9 9 9 9
0 1 10 11 12 13 16 17 18 19 4 5 9 9 9
0 10 11 12 13 14 15 16 17 18 2 9 9 9 9
0 1 10 11 12 16 17 18 3 5 6 7 9 9 9
0 1 10 11 12 13 17 19 2 4 8 9 9 9 9
0 10 11 12 15 16 19 2 5 6 9 9 9 9 9
0 10 11 13 14 15 17 18 2 3 6 9 9 9 9
0 1 10 12 16 17 18 19 2 5 6 8 9 9 9
0 10 11 12 13 15 16 17 18 5 7 9 9 9 9
0 10 11 12 13 14 17 18 19 2 5 6 9 9 9
0 1 11 12 13 14 17 18 19 2 3 8 9 9 9
0 10 11 13 14 15 16 17 3 5 8 9 9 9 9
0 1 10 11 12 13 15 19 2 3 4 8 9 9 9
0 1 10 11 13 14 15 17 2 3 5 8 9 9 9
0 1 10 12 13 14 17 18 19 2 3 5 6 9 9
0 1 11 12 13 15 18 19 3 5 8 9 9 9 9
0 1 10 11 13 14 15 16 17 18 2 9 9 9 9
0 1 11 12 13 14 15 17 18 19 2 8 9 9 9
10 12 13 15 16 17 2 3 4 5 7 8 9 9 9
1 10 11 12 13 14 15 17 19 2 3 9 9 9 9
1 10 11 12 13 19 2 3 4 5 6 8 9 9 9
0 1 12 13 14 15 16 17 18 19 6 9 9 9 9
0 1 10 11 13 14 15 18 19 3 5 9 9 9 9
11 13 14 15 17 19 2 3 4 5 6 9 9 9 9
0 1 10 11 12 13 14 15 19 2 4 9 9 9 9
0 1 10 11 12 14 17 19 2 5 6 9 9 9 9
1 11 13 14 15 16 17 19 2 5 6 7 9 9 9
0 11 12 13 14 16 17 18 19 2 5 8 9 9 9
1 11 12 13 14 16 17 18 2 4 6 8 9 9 9
1 10 11 12 13 15 16 17 19 4 5 9 9 9 9
0 1 10 12 14 15 16 18 19 6 7 9 9 9 9
0 1 12 13 14 15 16 17 18 19 3 4 9 9 9
0 10 11 12 13 14 17 18 2 3 4 9 9 9 9
0 10 11 12 13 14 18 19 2 3 5 7 9 9 9
1 11 12 13 16 17 18 19 2 4 8 9 9 9 9
0 1 12 13 15 16 17 18 19 5 7 9 9 9 9
0 1 10 11 14 18 19 2 3 7 8 9 9 9 9
0 1 10 11 12 13 19 3 4 5 6 8 9 9 9
0 1 10 11 13 14 16 17 18 19 3 6 8 9 9
0 11 12 13 14 15 16 17 18 19 3 5 9 9 9
0 10 11 12 13 14 18 19 2 5 6 9 9 9 9
0 1 10 11 14 15 17 18 19 2 5 9 9 9 9
0 1 10 12 13 14 18 2 5 6 8 9 9 9 9
0 1 10 11 12 15 17 18 19 2 3 9 9 9 9
0 1 10 12 14 15 17 18 19 3 4 5 9 9 9
0 10 11 12 13 14 15 17 18 2 5 6 8 9 9
1 10 11 12 13 16 17 18 19 4 5 6 8 9 9
0 1 12 13 15 16 17 18 19 2 6 8 9 9 9
0 1 10 12 16 17 18 2 5 6 7 8 9 9 9
0 1 10 12 13 14 18 19 2 5 6 9 9 9 9
0 1 10 11 12 13 14 15 17 18 19 8 9 9 9
0 1 10 11 13 14 15 17 4 5 7 8 9 9 9
1 10 11 12 13 14 15 16 17 19 4 5 9 9 9
0 10 11 12 13 17 18 19 2 5 6 9 9 9 9
1 11 12 15 16 17 18 2 3 5 8 9 9 9 9
0 1 10 12 13 14 15 16 17 18 2 7 8 9 9
0 10 11 13 14 15 17 18 2 5 6 9 9 9 9
1 10 11 12 18 19 2 3 4 5 6 9 9 9 9
0 1 12 13 14 15 19 2 3 5 7 9 9 9 9
1 11 12 13 14 15 16 17 2 3 8 9 9 9 9
0 1 10 11 12 13 14 16 2 3 8 9 9 9 9
10 11 12 13 14 15 18 19 5 6 7 8 9 9 9
0 1 10 11 12 14 15 16 17 18 19 7 9 9 9
1 11 12 15 16 18 19 2 5 7 9 9 9 9 9
0 1 10 11 13 14 15 16 3 4 5 9 9 9 9
1 10 11 12 13 14 17 18 3 4 5 9 9 9 9
10 11 12 14 15 17 18 19 4 5 6 8 9 9 9
0 10 11 12 13 15 16 19 2 5 6 8 9 9 9
0 10 11 12 13 14 15 17 18 2 5 8 9 9 9
0 1 11 12 15 16 17 18 19 2 6 9 9 9 9
0 1 11 12 13 14 17 3 4 6 7 9 9 9 9
0 1 10 11 12 13 14 16 17 18 19 9 9 9 9
0 1 11 12 13 15 18 19 2 5 6 9 9 9 9
1 11 13 14 16 17 18 19 2 4 5 8 9 9 9
0 1 10 11 13 17 18 19 3 4 8 9 9 9 9
0 10 11 12 13 15 16 17 18 19 5 9 9 9 9
1 10 12 13 14 15 17 18 19 2 4 8 9 9 9
0 10 12 13 14 15 16 17 18 19 2 5 9 9 9
0 1 11 13 14 15 3 4 5 6 7 9 9 9 9
0 10 11 12 14 15 17 18 19 5 8 9 9 9 9
1 10 11 12 14 16 17 19 2 3 8 9 9 9 9
0 1 10 11 12 13 15 16 19 5 8 9 9 9 9
1 10 12 13 14 15 17 18 19 2 8 9 9 9 9
0 1 10 11 12 15 16 17 18 19 2 3 5 9 9
1 10 11 13 14 15 16 19 2 6 8 9 9 9 9
1 11 12 13 15 19 2 3 5 6 7 9 9 9 9
0 10 11 12 13 15 17 18 19 5 6 9 9 9 9
1 10 11 12 13 14 15 17 18 4 5 8 9 9 9
0 1 11 12 13 15 18 19 2 5 6 8 9 9 9
0 1 10 11 12 13 14 15 17 18 7 8 9 9 9
1 10 11 14 15 17 18 19 3 5 6 9 9 9 9
1 10 11 13 15 16 17 18 19 6 7 9 9 9 9
0 1 10 11 12 14 15 16 17 18 2 3 9 9 9
0 1 10 12 13 16 2 4 5 8 9 9 9 9 9
0 1 12 13 15 16 17 18 2 3 4 6 9 9 9
0 1 10 11 12 15 16 18 19 2 3 6 9 9 9
0 1 10 11 12 13 15 16 17 18 19 3 8 9 9
0 1 11 13 14 15 16 17 18 4 8 9 9 9 9
0 1 10 11 12 13 14 15 19 3 8 9 9 9 9
1 10 11 13 15 16 17 2 4 5 7 9 9 9 9
0 1 11 12 15 18 19 3 5 6 7 9 9 9 9
0 1 11 14 15 16 19 4 5 6 8 9 9 9 9
0 10 11 13 14 16 17 18 3 5 6 9 9 9 9
10 11 13 14 15 16 17 18 19 3 4 9 9 9 9
0 1 10 11 12 14 16 17 19 2 9 9 9 9 9
0 1 10 15 16 17 18 19 2 4 6 9 9 9 9
1 10 11 12 13 14 15 16 2 3 8 9 9 9 9
0 1 10 11 12 13 14 15 16 17 7 8 9 9 9
0 10 11 12 13 14 15 16 17 3 4 9 9 9 9
0 1 10 14 15 17 18 2 4 6 7 8 9 9 9
0 1 10 11 12 15 18 19 5 6 8 9 9 9 9
0 1 11 12 13 14 15 17 18 2 3 8 9 9 9
1 11 16 17 18 2 3 5 6 8 9 9 9 9 9
0 1 10 11 13 14 16 17 19 2 3 5 7 9 9
0 1 10 11 12 13 14 15 5 6 7 9 9 9 9
1 10 12 14 15 18 2 3 4 5 6 9 9 9 9
1 10 11 12 13 14 17 18 19 5 6 8 9 9 9
1 10 11 13 14 15 16 17 3 4 5 7 9 9 9
1 10 11 12 14 15 16 17 18 2 3 6 9 9 9
0 1 10 11 12 15 18 19 2 3 6 9 9 9 9
1 10 11 12 14 15 16 17 18 2 3 9 9 9 9
0 11 12 13 14 15 16 17 19 2 3 4 9 9 9
1 10 11 12 14 15 17 19 2 6 8 9 9 9 9
0 10 11 12 13 14 15 16 2 3 4 5 7 9 9
0 1 12 13 14 15 16 17 18 19 3 9 9 9 9
0 1 10 11 12 13 15 17 18 19 2 5 9 9 9
0 1 10 11 12 14 19 2 3 5 8 9 9 9 9
0 1 10 12 13 14 18 19 2 3 5 6 8 9 9
0 10 11 12 13 17 18 19 2 5 6 8 9 9 9
0 1 13 15 16 17 18 19 2 5 7 9 9 9 9
0 1 10 11 13 14 15 16 19 3 5 9 9 9 9
0 11 12 13 14 18 19 2 5 6 7 8 9 9 9
0 1 10 11 12 15 16 17 19 4 7 8 9 9 9
1 10 11 12 13 14 15 19 2 3 4 5 9 9 9
0 1 10 12 13 14 15 17 18 2 5 8 9 9 9
0 1 12 13 15 17 18 19 2 5 6 9 9 9 9
0 10 11 12 13 14 16 17 18 19 5 7 9 9 9
0 1 10 11 13 14 15 16 18 2 3 9 9 9 9
0 1 11 12 14 15 17 18 19 2 6 8 9 9 9
10 12 14 15 16 18 19 2 3 5 6 8 9 9 9
0 1 10 11 12 13 14 16 17 19 2 9 9 9 9
1 10 11 13 14 15 19 2 3 4 5 6 9 9 9
0 1 10 11 14 15 16 19 2 3 5 9 9 9 9
0 11 12 13 14 18 2 3 5 6 7 8 9 9 9
0 1 10 11 12 13 15 16 17 19 2 8 9 9 9
0 1 11 12 13 14 17 18 19 2 3 8 9 9 9
10 12 13 14 15 19 2 3 4 5 6 8 9 9 9
0 1 12 13 14 17 18 19 2 3 5 7 9 9 9
0 10 11 12 13 14 17 19 2 3 5 6 8 9 9
0 11 12 13 14 15 16 17 2 4 8 9 9 9 9
0 1 12 13 14 15 19 2 3 4 5 6 9 9 9
0 10 11 12 13 14 15 16 17 19 2 5 9 9 9
1 11 13 15 16 19 2 3 4 5 8 9 9 9 9
0 1 10 11 12 13 14 15 16 17 2 7 9 9 9
0 1 10 11 12 13 14 17 19 2 6 8 9 9 9
1 11 14 15 16 17 18 19 2 5 6 7 8 9 9
0 1 11 12 13 14 18 19 2 5 7 8 9 9 9
1 10 12 14 15 18 19 2 3 4 7 9 9 9 9
10 11 13 14 15 16 17 18 2 5 7 9 9 9 9
0 1 10 11 12 14 15 16 19 5 8 9 9 9 9
1 10 11 12 13 14 15 17 18 19 2 7 8 9 9
0 1 11 12 14 15 17 18 19 5 6 9 9 9 9
1 10 12 13 14 15 17 18 19 3 4 9 9 9 9
0 1 10 12 13 14 15 16 17 18 19 9 9 9 9
0 1 10 11 13 14 16 17 18 19 2 5 6 9 9
0 1 10 11 12 14 15 16 17 2 3 4 9 9 9
0 1 10 11 14 15 17 2 4 7 8 9 9 9 9
0 11 12 14 15 17 18 19 2 3 5 8 9 9 9
0 1 10 11 12 13 19 2 3 5 6 8 9 9 9
0 1 10 11 12 13 17 18 19 2 3 5 8 9 9
0 1 10 12 13 15 18 2 3 5 8 9 9 9 9
1 10 12 13 15 16 17 18 19 2 6 8 9 9 9
1 10 11 12 13 14 19 2 3 4 5 6 9 9 9
0 10 11 13 14 15 16 17 18 3 4 7 9 9 9
0 1 10 12 13 14 16 19 4 6 9 9 9 9 9
0 1 10 12 13 14 15 16 19 2 3 4 5 9 9
1 10 11 12 15 16 17 18 2 5 8 9 9 9 9
0 1 11 13 14 15 17 18 19 2 5 8 9 9 9
0 10 12 13 14 15 16 18 19 2 5 6 9 9 9
0 10 11 14 15 17 18 19 2 5 6 7 9 9 9
1 10 11 12 13 14 15 18 2 6 7 8 9 9 9
1 10 11 12 13 15 16 17 19 2 3 4 9 9 9
0 1 12 13 14 15 17 18 19 2 6 8 9 9 9
0 1 11 12 13 14 15 16 17 18 2 5 8 9 9
1 10 11 12 14 15 16 17 19 5 6 9 9 9 9
1 10 11 12 13 14 15 17 18 2 3 8 9 9 9
0 1 11 13 14 15 16 17 18 7 8 9 9 9 9
0 10 11 12 14 15 16 17 5 6 8 9 9 9 9
12 13 14 16 17 18 19 2 3 5 6 8 9 9 9
0 1 10 11 12 13 14 16 2 3 4 8 9 9 9
0 1 11 12 15 18 19 3 5 6 7 9 9 9 9
0 1 10 11 12 14 15 17 18 19 2 4 9 9 9
0 1 11 12 13 17 18 19 2 3 5 8 9 9 9
0 1 10 11 12 14 16 17 19 2 3 8 9 9 9
0 1 10 12 13 15 17 18 19 3 5 9 9 9 9
0 1 10 11 17 18 19 5 6 8 9 9 9 9 9
1 10 11 12 13 14 15 16 17 19 6 9 9 9 9
0 10 11 13 14 16 17 18 2 4 6 7 9 9 9
0 1 11 12 13 14 17 18 19 3 6 7 9 9 9
10 11 12 13 14 15 17 18 19 3 5 6 8 9 9
1 10 11 13 14 15 16 18 19 2 5 6 9 9 9
10 12 13 14 15 17 18 19 2 3 5 9 9 9 9
0 11 12 13 14 15 17 18 19 2 5 8 9 9 9
0 1 10 11 12 13 14 16 17 19 4 8 9 9 9
0 12 13 15 16 17 18 2 3 5 6 8 9 9 9
0 1 10 11 13 14 16 17 19 5 8 9 9 9 9
0 1 10 11 12 13 15 18 19 2 5 9 9 9 9
0 10 13 14 15 17 19 2 3 5 6 9 9 9 9
1 10 11 12 13 17 18 19 2 3 6 9 9 9 9
0 1 10 11 14 17 18 19 3 5 6 8 9 9 9
1 11 12 13 14 17 18 19 5 6 7 9 9 9 9
0 1 10 11 12 15 18 2 3 6 7 8 9 9 9
0 1 11 12 15 16 17 18 19 5 7 8 9 9 9
0 1 10 11 15 16 17 18 19 2 8 9 9 9 9
0 1 10 11 13 14 16 17 18 4 5 9 9 9 9
0 1 10 12 13 14 19 2 3 5 7 8 9 9 9
0 1 10 11 12 14 17 18 19 3 6 9 9 9 9
1 10 12 13 15 16 17 18 19 4 5 8 9 9 9
0 10 12 14 15 16 17 19 5 6 7 9 9 9 9
1 10 11 13 16 17 18 19 3 4 5 6 9 9 9
0 10 12 13 14 17 18 19 2 6 8 9 9 9 9
0 1 10 11 16 17 2 3 4 5 7 9 9 9 9
1 10 12 13 14 15 16 17 4 6 7 9 9 9 9
0 10 11 13 14 15 16 2 5 6 9 9 9 9 9
0 10 11 12 13 15 17 19 2 3 6 9 9 9 9
0 1 10 11 13 15 17 18 19 3 8 9 9 9 9
0 1 10 11 14 16 17 18 19 2 5 9 9 9 9
1 10 11 12 14 16 17 18 19 3 4 9 9 9 9
11 12 14 15 16 17 18 19 2 3 5 6 8 9 9
0 1 14 15 16 17 18 19 2 5 6 9 9 9 9
0 10 12 13 15 17 18 19 2 5 6 8 9 9 9
0 10 11 12 13 14 15 17 18 5 8 9 9 9 9
0 1 10 11 12 13 15 18 2 5 8 9 9 9 9
10 11 12 13 14 17 18 19 3 5 7 8 9 9 9
0 1 10 11 12 17 18 2 3 4 7 8 9 9 9
0 1 10 11 13 14 15 16 17 18 4 9 9 9 9
0 11 12 13 14 15 16 17 19 5 8 9 9 9 9
0 1 11 12 13 14 16 19 2 3 7 9 9 9 9
0 11 12 13 15 16 17 18 19 4 5 9 9 9 9
0 1 10 11 12 13 17 2 5 6 8 9 9 9 9
0 1 10 11 13 17 18 19 4 5 8 9 9 9 9
0 1 10 11 12 13 14 15 17 18 19 9 9 9 9
0 1 10 11 14 17 18 19 5 6 8 9 9 9 9
0 1 10 13 14 15 16 18 19 5 8 9 9 9 9
1 10 11 12 13 14 15 17 3 4 7 8 9 9 9
0 11 12 13 14 15 17 18 19 6 7 9 9 9 9
0 11 12 13 14 15 16 17 19 2 4 5 9 9 9
1 10 11 12 13 14 15 16 17 6 7 9 9 9 9
1 11 12 13 14 15 16 2 3 4 5 7 9 9 9
0 1 12 14 15 17 18 19 2 3 7 8 9 9 9
0 1 10 11 12 13 15 17 2 4 5 8 9 9 9
1 11 12 13 14 17 19 2 3 5 7 8 9 9 9
1 10 11 12 13 15 18 19 2 3 5 7 9 9 9
11 12 13 14 15 17 18 19 3 5 6 9 9 9 9
1 10 11 12 13 14 15 17 18 19 9 9 9 9 9
0 10 11 12 13 14 15 18 19 2 5 6 9 9 9
0 1 10 11 12 13 14 17 18 2 3 8 9 9 9
0 1 10 11 12 13 17 18 2 3 4 8 9 9 9
0 10 11 12 13 14 17 18 19 3 7 9 9 9 9
0 1 10 11 13 14 15 17 19 2 6 7 9 9 9
10 11 12 14 15 16 19 2 3 5 8 9 9 9 9
1 12 13 14 18 19 2 3 5 6 7 8 9 9 9
0 1 11 12 13 17 18 2 3 4 5 9 9 9 9
0 1 10 12 13 15 18 19 2 3 5 8 9 9 9
0 10 11 13 14 17 19 2 3 5 6 8 9 9 9
0 1 10 11 12 13 14 15 2 5 7 9 9 9 9
0 1 10 11 12 13 14 2 3 4 7 8 9 9 9
0 1 11 12 13 15 16 2 4 5 8 9 9 9 9
0 1 11 12 13 14 17 18 19 5 6 8 9 9 9
0 1 10 11 12 13 17 18 19 2 4 8 9 9 9
0 1 10 11 12 14 15 4 5 8 9 9 9 9 9
0 10 11 12 13 15 18 2 3 5 7 9 9 9 9
0 10 12 15 16 17 19 2 5 6 7 8 9 9 9
0 1 10 11 12 13 15 18 19 2 3 6 9 9 9
10 11 12 13 14 16 19 2 3 4 6 9 9 9 9
0 1 11 12 13 14 15 16 18 19 3 4 9 9 9
0 1 10 11 13 14 15 2 4 5 6 9 9 9 9
0 1 11 12 13 14 15 17 18 2 6 8 9 9 9
0 1 11 12 14 16 17 19 2 3 8 9 9 9 9
0 1 11 12 15 16 17 19 2 3 8 9 9 9 9
0 1 11 12 13 14 15 16 19 2 4 5 9 9 9
0 1 10 11 12 13 14 15 16 19 3 8 9 9 9
0 1 10 15 17 18 19 2 4 6 7 9 9 9 9
1 10 11 12 13 14 19 2 3 5 6 9 9 9 9
0 1 10 11 13 14 15 18 19 2 3 5 9 9 9
1 10 12 13 14 16 19 3 4 5 9 9 9 9 9
0 1 10 11 13 14 16 17 18 19 3 7 9 9 9
0 1 12 13 15 16 17 19 2 5 7 9 9 9 9
10 11 12 13 14 15 16 17 3 4 5 7 9 9 9
0 1 11 12 13 14 15 19 2 3 6 9 9 9 9
0 1 10 11 12 17 18 19 3 4 8 9 9 9 9
0 10 11 12 13 14 16 17 19 2 6 8 9 9 9
0 1 10 11 13 14 16 17 18 19 2 8 9 9 9
1 10 11 12 14 15 16 17 5 6 8 9 9 9 9
1 10 11 12 13 14 15 17 18 19 2 6 8 9 9
0 1 11 12 13 14 15 16 17 2 3 8 9 9 9
0 1 10 12 13 16 17 19 2 4 5 6 8 9 9
1 10 12 13 14 17 18 19 2 3 5 6 8 9 9
1 10 11 12 14 15 16 17 18 2 3 8 9 9 9
0 10 11 12 13 14 15 17 18 4 8 9 9 9 9
0 1 11 13 14 15 19 3 5 6 7 9 9 9 9
0 1 10 11 12 13 14 15 16 3 4 5 9 9 9
1 10 12 13 14 15 16 17 19 3 6 8 9 9 9
1 11 12 13 14 15 16 17 4 5 6 9 9 9 9
1 10 11 12 13 14 15 16 17 18 4 5 9 9 9
1 10 12 13 15 16 17 19 2 3 4 5 9 9 9
0 1 10 13 14 15 17 18 19 3 6 9 9 9 9
1 10 13 14 15 17 18 19 3 5 6 8 9 9 9
0 10 11 14 15 16 17 2 4 7 8 9 9 9 9
0 10 11 12 13 15 16 17 18 19 5 9 9 9 9
1 10 12 13 15 19 2 3 4 5 6 8 9 9 9
1 10 11 12 13 14 15 19 3 6 7 8 9 9 9
0 1 10 11 12 13 16 17 18 3 4 9 9 9 9
0 1 10 11 14 15 16 17 2 3 7 8 9 9 9
0 1 10 11 13 14 16 4 5 7 8 9 9 9 9
1 10 11 13 18 19 2 3 5 6 7 8 9 9 9
0 1 11 12 17 18 19 2 3 5 8 9 9 9 9
0 1 10 12 13 15 17 18 19 2 5 8 9 9 9
0 1 11 13 14 15 16 17 19 2 3 7 8 9 9
1 10 11 12 14 18 19 2 3 5 6 8 9 9 9
0 1 12 13 17 18 19 2 5 6 7 8 9 9 9
0 1 10 11 12 13 14 16 18 3 6 9 9 9 9
1 10 11 12 13 14 16 17 19 2 8 9 9 9 9
0 1 10 11 12 14 15 17 18 2 3 9 9 9 9
10 11 12 13 16 17 18 19 2 3 4 5 9 9 9
0 10 11 12 13 15 16 17 18 19 2 3 9 9 9
1 10 11 12 13 14 15 16 17 18 19 3 9 9 9
10 11 14 15 16 17 2 3 4 5 7 9 9 9 9
0 1 10 11 13 14 17 18 19 3 8 9 9 9 9
1 10 12 13 14 17 18 19 2 5 7 8 9 9 9
0 1 10 11 12 13 14 15 16 17 8 9 9 9 9
0 1 10 12 13 14 15 17 19 2 3 6 9 9 9
0 1 10 11 15 17 18 19 2 3 4 5 9 9 9
1 10 11 12 13 16 18 19 2 4 8 9 9 9 9
1 10 11 12 13 14 15 16 19 2 6 9 9 9 9
0 1 10 11 12 13 14 16 18 19 2 3 5 9 9
0 1 12 13 15 16 17 2 3 4 7 9 9 9 9
0 1 10 11 12 13 14 15 2 3 7 8 9 9 9
0 1 13 14 15 16 17 18 19 5 6 8 9 9 9
0 1 11 12 14 16 17 19 2 4 6 8 9 9 9
0 1 10 11 12 13 17 19 3 4 5 8 9 9 9
0 10 11 12 13 14 15 16 2 3 4 5 9 9 9
1 10 12 13 14 15 16 2 4 5 9 9 9 9 9
0 10 11 12 13 14 15 16 17 19 5 6 9 9 9
1 10 11 12 13 14 15 16 19 2 4 5 7 9 9
0 1 11 12 13 14 15 16 17 18 19 4 9 9 9
0 1 11 13 14 15 16 18 19 3 5 7 8 9 9
0 11 12 13 14 15 16 17 2 3 5 9 9 9 9
1 10 11 12 13 14 15 16 17 19 5 8 9 9 9
0 1 10 13 14 15 17 18 19 2 8 9 9 9 9
0 1 10 12 14 15 17 18 19 2 3 6 9 9 9
0 1 10 13 15 16 17 18 19 7 8 9 9 9 9
0 1 10 12 16 17 18 19 2 3 7 8 9 9 9
1 10 11 13 14 15 16 17 3 4 5 7 9 9 9
0 1 10 11 12 14 15 16 18 5 6 8 9 9 9
1 10 11 13 14 15 16 17 19 2 5 9 9 9 9
1 10 13 14 15 16 17 19 3 6 8 9 9 9 9
0 1 10 11 13 15 16 17 19 2 7 9 9 9 9
0 10 11 13 15 16 18 19 2 6 8 9 9 9 9
0 1 10 11 12 13 15 19 2 3 4 9 9 9 9
0 1 12 14 15 17 19 2 3 5 6 9 9 9 9
1 10 11 12 13 14 16 19 2 3 5 8 9 9 9
0 10 11 12 15 16 18 19 2 5 6 9 9 9 9
0 1 10 11 13 15 2 3 4 5 7 9 9 9 9
0 10 11 12 13 14 16 18 19 3 6 8 9 9 9
0 10 12 13 14 15 16 17 18 19 6 9 9 9 9
1 10 11 12 13 14 15 16 17 18 19 3 4 9 9
0 1 10 11 12 14 15 3 4 5 6 9 9 9 9
1 10 11 13 14 15 18 19 2 3 5 7 9 9 9
0 10 11 12 13 14 16 17 2 5 8 9 9 9 9
0 1 11 13 14 15 17 19 2 6 7 9 9 9 9
0 11 12 13 14 17 19 2 5 6 7 9 9 9 9
0 11 13 14 15 16 19 2 3 4 5 9 9 9 9
0 1 10 11 13 14 15 16 19 5 8 9 9 9 9
0 1 11 12 13 14 15 17 19 2 3 8 9 9 9
0 1 10 12 13 14 15 16 2 5 7 8 9 9 9
0 1 10 11 12 13 16 17 19 2 3 8 9 9 9
1 10 12 13 14 16 18 19 3 4 5 6 9 9 9
0 1 10 11 12 14 15 16 17 18 3 9 9 9 9
0 1 11 12 13 14 15 16 17 18 5 6 8 9 9
1 10 11 12 13 18 19 2 3 4 8 9 9 9 9
0 10 11 12 13 14 15 16 17 2 9 9 9 9 9
0 1 10 11 12 15 16 17 18 2 3 6 9 9 9
0 1 10 12 13 14 18 19 2 3 5 7 9 9 9
0 10 11 12 13 14 16 2 3 4 5 9 9 9 9
0 11 13 14 15 16 17 19 2 3 4 7 8 9 9
0 1 10 11 13 14 17 18 2 5 6 8 9 9 9
0 11 13 14 15 16 17 18 19 3 5 6 8 9 9
0 1 11 12 13 14 15 16 17 4 5 7 9 9 9
1 10 11 13 14 15 18 19 3 6 7 9 9 9 9
0 1 11 12 16 17 19 2 5 6 7 9 9 9 9
0 10 12 13 14 15 16 19 2 5 6 9 9 9 9
1 10 11 13 15 16 17 19 3 5 6 8 9 9 9
0 1 12 13 14 15 17 18 19 2 5 8 9 9 9
0 1 10 11 12 13 14 16 19 3 4 9 9 9 9
0 1 10 11 13 14 15 19 2 5 8 9 9 9 9
0 1 10 11 13 14 15 19 5 7 8 9 9 9 9
0 1 10 11 12 14 15 16 19 4 8 9 9 9 9
0 1 10 12 13 17 18 2 3 4 9 9 9 9 9
0 10 14 16 17 18 19 2 3 4 5 7 8 9 9
0 10 13 15 16 17 19 2 5 6 7 9 9 9 9
0 1 10 11 13 15 16 17 18 19 8 9 9 9 9
0 1 11 12 13 14 15 16 17 4 7 8 9 9 9
0 10 12 13 17 18 19 2 3 4 8 9 9 9 9
0 1 11 12 13 15 16 17 18 19 2 3 5 9 9
10 11 12 13 14 15 16 17 2 3 5 7 9 9 9
1 10 11 13 14 15 16 2 3 4 5 9 9 9 9
0 1 11 12 13 14 16 2 4 7 8 9 9 9 9
0 1 10 13 14 15 17 18 19 2 3 9 9 9 9
0 1 10 11 13 17 19 2 3 5 9 9 9 9 9
0 1 12 13 14 15 16 17 18 3 6 7 9 9 9
1 10 12 14 15 16 17 18 19 2 6 9 9 9 9
0 1 11 12 13 18 19 2 3 5 6 9 9 9 9
10 11 12 13 14 18 19 2 3 5 6 7 9 9 9
0 1 10 11 12 13 14 2 3 5 6 7 9 9 9
0 1 12 13 15 16 17 18 2 4 7 8 9 9 9
0 10 12 13 14 16 17 18 19 2 3 5 9 9 9
0 1 10 11 12 13 17 18 19 3 6 8 9 9 9
0 1 10 12 13 15 19 2 3 5 6 8 9 9 9
1 10 11 13 14 16 17 18 19 3 4 8 9 9 9
0 10 11 13 14 15 17 2 3 4 7 9 9 9 9
0 10 11 12 13 14 16 17 18 19 5 8 9 9 9
1 11 12 13 14 15 16 17 4 5 7 8 9 9 9
1 10 11 13 14 15 16 19 2 3 4 9 9 9 9
1 10 11 12 13 14 15 16 17 3 4 7 9 9 9
0 1 10 11 12 13 14 15 17 18 19 2 8 9 9
1 10 11 13 14 15 16 17 18 19 2 7 8 9 9
0 1 10 12 13 14 15 18 19 2 5 6 9 9 9
0 1 10 11 13 14 16 17 18 2 5 7 9 9 9
0 1 11 12 14 15 17 18 19 3 4 9 9 9 9
0 11 12 13 14 17 18 19 5 6 8 9 9 9 9
0 1 10 11 13 14 2 3 4 7 8 9 9 9 9
0 1 10 11 12 14 15 16 17 18 19 9 9 9 9
0 1 10 11 15 16 17 18 19 5 8 9 9 9 9
0 1 10 12 13 18 19 2 5 6 8 9 9 9 9
0 1 12 13 17 18 19 2 3 5 6 8 9 9 9
0 1 10 11 12 13 14 17 18 19 7 8 9 9 9
1 10 11 12 13 14 17 19 3 4 9 9 9 9 9
1 11 12 13 14 15 16 19 2 5 6 8 9 9 9
0 1 12 13 14 15 18 19 5 6 8 9 9 9 9
