0 1 10 11 12 13 14 16 19 2 4 5 8 9 9 9 9 9 9 9
0 1 10 11 13 14 15 16 19 2 3 6 8 9 9 9 9 9 9 9
0 1 10 11 12 13 14 16 19 2 3 6 8 9 9 9 9 9 9 9
0 1 10 11 12 13 16 19 2 4 5 8 9 9 9 9 9 9 9 9
0 1 10 11 12 13 14 16 19 2 3 6 8 9 9 9 9 9 9 9
0 1 10 12 13 14 15 19 2 3 5 6 8 9 9 9 9 9 9 9
0 1 10 11 12 13 15 16 19 2 3 8 9 9 9 9 9 9 9 9
0 1 10 11 13 14 15 16 19 2 3 8 9 9 9 9 9 9 9 9
0 1 10 11 12 13 15 16 19 2 5 8 9 9 9 9 9 9 9 9
0 1 10 11 12 13 15 16 19 2 6 8 9 9 9 9 9 9 9 9
0 1 10 11 12 13 14 19 2 3 6 7 9 9 9 9 9 9 9 9
0 1 10 11 12 13 14 16 19 2 6 8 9 9 9 9 9 9 9 9
0 1 10 11 12 13 14 16 19 2 4 6 8 9 9 9 9 9 9 9
0 1 10 11 12 13 14 16 19 2 4 6 8 9 9 9 9 9 9 9
0 1 10 11 12 13 14 16 19 2 3 6 8 9 9 9 9 9 9 9
0 1 10 11 13 14 16 17 2 3 5 8 9 9 9 9 9 9 9 9
0 1 10 11 12 13 15 16 19 2 3 6 8 9 9 9 9 9 9 9
0 1 10 12 13 14 16 17 19 2 3 5 6 8 9 9 9 9 9 9
0 1 10 11 12 13 14 19 2 4 5 8 9 9 9 9 9 9 9 9
0 1 10 11 12 13 14 16 19 3 4 6 8 9 9 9 9 9 9 9
0 1 10 11 12 13 14 16 19 2 3 6 8 9 9 9 9 9 9 9
0 1 10 11 13 14 16 19 2 5 6 8 9 9 9 9 9 9 9 9
0 1 10 11 12 13 16 19 2 4 5 8 9 9 9 9 9 9 9 9
0 1 10 11 12 13 14 16 19 2 6 8 9 9 9 9 9 9 9 9
0 1 10 11 12 13 16 19 2 4 5 8 9 9 9 9 9 9 9 9
0 1 10 11 13 14 15 16 19 2 3 8 9 9 9 9 9 9 9 9
0 1 10 11 13 14 16 17 19 2 3 6 8 9 9 9 9 9 9 9
0 1 10 11 12 13 14 19 2 4 5 8 9 9 9 9 9 9 9 9
0 1 10 11 13 14 16 19 2 5 6 8 9 9 9 9 9 9 9 9
0 1 10 12 13 15 16 18 19 2 3 5 8 9 9 9 9 9 9 9
0 1 10 11 12 13 14 19 2 3 4 8 9 9 9 9 9 9 9 9
0 1 10 11 12 13 14 16 19 2 3 6 8 9 9 9 9 9 9 9
0 1 10 11 12 13 15 16 19 2 3 4 8 9 9 9 9 9 9 9
0 1 10 11 13 15 16 19 2 3 5 8 9 9 9 9 9 9 9 9
0 1 10 11 12 13 16 19 2 4 5 8 9 9 9 9 9 9 9 9
0 1 10 11 13 14 15 16 17 19 5 8 9 9 9 9 9 9 9 9
0 1 10 11 12 13 16 19 2 3 6 8 9 9 9 9 9 9 9 9
0 1 10 11 12 13 14 16 19 2 4 8 9 9 9 9 9 9 9 9
0 1 10 11 13 14 16 19 2 3 5 6 9 9 9 9 9 9 9 9
0 1 10 11 12 13 14 16 19 2 3 6 8 9 9 9 9 9 9 9
0 1 10 11 12 13 15 16 19 2 4 8 9 9 9 9 9 9 9 9
0 1 10 11 12 13 15 16 19 4 5 8 9 9 9 9 9 9 9 9
0 1 10 11 13 14 15 16 19 2 5 8 9 9 9 9 9 9 9 9
0 1 10 11 12 13 14 16 19 2 6 8 9 9 9 9 9 9 9 9
0 1 10 11 13 15 16 19 2 3 5 8 9 9 9 9 9 9 9 9
0 1 10 11 12 13 14 19 2 3 4 6 8 9 9 9 9 9 9 9
0 1 10 11 12 13 14 16 19 2 4 6 8 9 9 9 9 9 9 9
0 1 10 11 12 13 16 19 2 4 5 8 9 9 9 9 9 9 9 9
0 1 10 11 12 13 16 19 2 4 5 8 9 9 9 9 9 9 9 9
0 1 10 11 12 14 15 19 19 4 5 8 9 9 9 9 9 9 9 9
0 1 10 12 13 15 16 18 19 2 3 4 6 8 9 9 9 9 9 9
0 1 10 11 13 14 16 19 2 3 6 8 9 9 9 9 9 9 9 9
0 1 10 11 13 14 16 19 2 3 6 8 9 9 9 9 9 9 9 9
0 1 10 11 13 15 16 19 2 3 5 8 9 9 9 9 9 9 9 9
0 1 10 11 13 14 16 19 2 3 5 6 9 9 9 9 9 9 9 9
0 1 10 11 12 13 14 16 19 2 3 6 8 9 9 9 9 9 9 9
0 1 10 11 13 14 16 17 19 2 5 6 8 9 9 9 9 9 9 9
0 1 10 12 13 14 16 17 19 2 5 6 8 9 9 9 9 9 9 9
0 1 10 11 13 14 16 19 2 5 6 8 9 9 9 9 9 9 9 9
0 1 10 11 12 13 15 16 19 2 3 6 8 9 9 9 9 9 9 9
0 1 10 11 13 14 15 16 19 2 5 8 9 9 9 9 9 9 9 9
0 1 10 11 13 14 15 16 19 2 6 8 9 9 9 9 9 9 9 9
0 1 10 11 13 14 16 17 19 2 3 6 8 9 9 9 9 9 9 9
0 1 10 11 12 14 15 16 19 4 5 8 9 9 9 9 9 9 9 9
0 1 10 12 13 14 15 18 19 3 4 5 8 9 9 9 9 9 9 9
0 1 10 11 13 14 16 19 2 3 6 8 9 9 9 9 9 9 9 9
0 1 10 11 13 14 15 16 17 2 5 8 9 9 9 9 9 9 9 9
0 1 10 11 13 14 15 16 19 2 3 6 8 9 9 9 9 9 9 9
0 1 10 11 12 13 14 16 19 2 6 8 9 9 9 9 9 9 9 9
0 1 10 11 13 14 16 17 2 3 6 8 9 9 9 9 9 9 9 9
0 1 10 12 13 14 15 19 2 3 5 6 8 9 9 9 9 9 9 9
0 1 10 11 12 13 14 16 19 2 3 6 8 9 9 9 9 9 9 9
0 1 10 11 12 13 14 16 19 4 5 8 9 9 9 9 9 9 9 9
0 1 10 11 12 13 14 16 19 2 3 6 8 9 9 9 9 9 9 9
0 1 10 11 13 14 16 17 19 2 3 6 8 9 9 9 9 9 9 9
0 1 10 11 12 14 15 19 2 4 5 8 9 9 9 9 9 9 9 9
0 1 10 11 12 13 14 16 19 2 3 6 8 9 9 9 9 9 9 9
0 1 10 11 12 13 16 19 2 4 5 8 9 9 9 9 9 9 9 9
0 1 10 12 13 14 16 19 2 3 4 5 6 8 9 9 9 9 9 9
0 1 10 11 12 13 14 16 19 2 5 6 9 9 9 9 9 9 9 9
0 1 10 11 13 14 16 19 2 5 6 9 9 9 9 9 9 9 9 9
0 1 10 11 13 14 15 16 19 2 5 8 9 9 9 9 9 9 9 9
0 1 10 11 13 14 16 19 2 3 6 8 9 9 9 9 9 9 9 9
0 1 10 12 13 14 15 19 2 3 5 6 7 9 9 9 9 9 9 9
0 1 10 11 12 13 14 16 19 2 3 6 8 9 9 9 9 9 9 9
0 1 10 11 12 13 14 16 19 2 5 6 9 9 9 9 9 9 9 9
0 1 10 11 12 13 16 19 2 4 5 8 9 9 9 9 9 9 9 9
0 1 10 11 13 14 15 16 19 2 5 8 9 9 9 9 9 9 9 9
0 1 10 11 13 14 15 16 17 2 5 8 9 9 9 9 9 9 9 9
0 1 10 11 12 13 14 15 19 2 3 5 9 9 9 9 9 9 9 9
0 1 10 11 12 13 14 16 19 2 5 6 8 9 9 9 9 9 9 9
0 1 10 11 12 13 14 16 19 2 3 6 8 9 9 9 9 9 9 9
0 1 10 11 12 13 14 16 19 2 3 6 7 9 9 9 9 9 9 9
0 1 10 11 13 14 15 16 19 2 5 8 9 9 9 9 9 9 9 9
0 1 10 11 12 13 14 16 2 4 5 6 9 9 9 9 9 9 9 9
0 1 10 11 12 14 15 19 2 4 5 8 9 9 9 9 9 9 9 9
0 1 10 11 12 13 14 16 19 2 6 8 9 9 9 9 9 9 9 9
0 1 10 11 12 13 16 19 2 4 5 8 9 9 9 9 9 9 9 9
0 1 10 12 13 14 15 18 19 3 5 6 8 9 9 9 9 9 9 9
0 1 10 11 13 14 16 19 2 5 6 8 9 9 9 9 9 9 9 9
0 1 10 11 13 14 16 19 2 5 6 9 9 9 9 9 9 9 9 9
0 1 10 11 12 13 14 16 19 3 4 6 8 9 9 9 9 9 9 9
0 1 10 11 13 14 16 17 19 2 5 8 9 9 9 9 9 9 9 9
0 1 10 11 13 14 16 19 2 3 6 8 9 9 9 9 9 9 9 9
0 1 10 11 12 13 14 16 19 2 3 6 8 9 9 9 9 9 9 9
0 1 10 11 13 14 16 19 2 3 6 7 8 9 9 9 9 9 9 9
0 1 10 11 12 13 14 19 2 3 4 8 9 9 9 9 9 9 9 9
0 1 10 11 13 14 15 16 2 3 5 8 9 9 9 9 9 9 9 9
0 1 10 11 12 13 16 19 2 3 6 8 9 9 9 9 9 9 9 9
0 1 10 11 13 14 15 16 2 3 6 8 9 9 9 9 9 9 9 9
0 1 10 11 13 14 15 16 19 2 5 8 9 9 9 9 9 9 9 9
0 1 10 11 13 14 16 19 2 3 6 8 9 9 9 9 9 9 9 9
0 1 10 12 13 14 15 18 19 2 3 5 6 9 9 9 9 9 9 9
0 1 10 11 12 14 15 19 2 5 6 8 9 9 9 9 9 9 9 9
0 1 10 11 12 13 14 16 19 2 4 5 8 9 9 9 9 9 9 9
0 1 10 11 13 14 16 19 2 3 6 8 9 9 9 9 9 9 9 9
0 1 10 11 12 14 15 16 19 4 6 7 8 9 9 9 9 9 9 9
0 1 10 11 12 13 16 19 2 4 5 8 9 9 9 9 9 9 9 9
0 1 10 11 12 13 14 16 19 2 6 8 9 9 9 9 9 9 9 9
0 1 10 11 12 13 14 16 19 2 6 8 9 9 9 9 9 9 9 9
0 1 10 11 13 16 17 19 2 3 6 8 9 9 9 9 9 9 9 9
0 1 10 11 12 13 14 16 19 2 4 6 8 9 9 9 9 9 9 9
0 1 10 11 13 14 16 19 2 5 6 9 9 9 9 9 9 9 9 9
0 1 10 11 12 13 14 19 2 3 6 8 9 9 9 9 9 9 9 9
0 1 10 12 13 15 16 19 2 5 6 7 8 9 9 9 9 9 9 9
0 1 10 11 13 14 16 19 2 3 5 8 9 9 9 9 9 9 9 9
0 1 10 11 12 13 15 16 19 2 5 8 9 9 9 9 9 9 9 9
0 1 10 11 12 13 16 19 2 3 4 8 9 9 9 9 9 9 9 9
0 1 10 12 13 14 15 18 19 2 3 6 8 9 9 9 9 9 9 9
0 1 10 11 13 14 16 17 19 2 5 8 9 9 9 9 9 9 9 9
0 1 10 11 12 13 14 16 19 2 4 6 8 9 9 9 9 9 9 9
0 1 10 11 13 14 16 19 2 5 6 8 9 9 9 9 9 9 9 9
0 1 10 11 12 13 16 19 2 4 5 8 9 9 9 9 9 9 9 9
0 1 10 11 12 13 16 19 2 4 5 8 9 9 9 9 9 9 9 9
0 1 10 11 12 13 16 19 2 4 5 8 9 9 9 9 9 9 9 9
0 1 10 11 13 15 16 17 2 4 5 8 9 9 9 9 9 9 9 9
0 1 10 11 12 13 14 16 19 2 6 8 9 9 9 9 9 9 9 9
0 1 10 11 12 13 16 19 2 4 5 8 9 9 9 9 9 9 9 9
0 1 10 11 12 13 14 16 19 3 4 8 9 9 9 9 9 9 9 9
0 1 10 11 12 13 14 16 19 2 6 8 9 9 9 9 9 9 9 9
0 1 10 11 13 14 15 16 19 2 3 6 8 9 9 9 9 9 9 9
0 1 10 12 13 14 15 18 19 2 3 5 6 9 9 9 9 9 9 9
0 1 10 11 13 14 16 19 2 5 6 9 9 9 9 9 9 9 9 9
0 1 10 11 12 13 16 19 2 3 4 8 9 9 9 9 9 9 9 9
0 1 10 11 12 13 14 16 19 2 6 8 9 9 9 9 9 9 9 9
0 1 10 11 12 13 15 16 2 4 5 8 9 9 9 9 9 9 9 9
0 1 10 11 12 13 14 16 19 2 6 8 9 9 9 9 9 9 9 9
0 1 10 11 13 14 16 19 2 3 6 8 9 9 9 9 9 9 9 9
0 1 10 11 13 14 15 16 2 3 6 8 9 9 9 9 9 9 9 9
0 1 10 11 13 14 16 19 2 3 6 8 9 9 9 9 9 9 9 9
0 1 10 11 12 13 14 16 19 2 3 6 7 9 9 9 9 9 9 9
0 1 10 11 12 14 15 16 19 4 5 6 8 9 9 9 9 9 9 9
0 1 10 11 13 14 16 19 2 3 6 8 9 9 9 9 9 9 9 9
0 1 10 11 12 13 14 16 19 2 3 6 8 9 9 9 9 9 9 9
0 1 10 11 12 13 14 16 19 2 5 6 9 9 9 9 9 9 9 9
0 1 10 11 13 14 15 16 19 2 5 8 9 9 9 9 9 9 9 9
0 1 10 11 12 13 14 19 2 3 6 8 9 9 9 9 9 9 9 9
0 1 10 11 13 14 16 19 2 5 6 8 9 9 9 9 9 9 9 9
0 1 10 11 13 14 15 16 19 2 3 8 9 9 9 9 9 9 9 9
0 1 10 11 12 13 15 16 19 3 4 8 9 9 9 9 9 9 9 9
0 1 10 11 12 13 15 16 19 2 5 8 9 9 9 9 9 9 9 9
0 1 10 11 12 14 15 16 19 4 5 8 9 9 9 9 9 9 9 9
0 1 10 11 13 14 15 16 19 2 5 8 9 9 9 9 9 9 9 9
0 1 10 11 13 14 16 19 2 5 6 8 9 9 9 9 9 9 9 9
0 1 10 11 12 13 14 19 2 3 4 8 9 9 9 9 9 9 9 9
0 1 10 11 12 13 14 16 2 4 5 6 9 9 9 9 9 9 9 9
0 1 10 11 13 14 15 16 19 2 3 8 9 9 9 9 9 9 9 9
0 1 10 11 13 14 15 16 19 2 5 8 9 9 9 9 9 9 9 9
0 1 10 11 12 13 14 16 19 2 5 6 8 9 9 9 9 9 9 9
0 1 10 11 13 14 15 16 19 2 5 8 9 9 9 9 9 9 9 9
0 1 10 11 12 13 14 16 19 2 6 8 9 9 9 9 9 9 9 9
0 1 10 12 13 15 16 18 19 2 3 6 8 9 9 9 9 9 9 9
0 1 10 11 12 13 14 19 2 3 5 6 8 9 9 9 9 9 9 9
0 1 10 11 12 13 14 16 19 2 4 6 9 9 9 9 9 9 9 9
0 1 10 11 12 13 14 16 19 4 5 8 9 9 9 9 9 9 9 9
0 1 10 12 13 14 15 18 19 2 3 6 8 9 9 9 9 9 9 9
0 1 10 11 13 14 15 16 19 2 3 8 9 9 9 9 9 9 9 9
0 1 10 11 12 14 15 19 2 4 5 8 9 9 9 9 9 9 9 9
0 1 10 11 13 14 15 16 2 3 5 6 9 9 9 9 9 9 9 9
0 1 10 11 12 14 15 19 19 4 5 8 9 9 9 9 9 9 9 9
0 1 10 11 13 14 16 17 19 2 3 6 8 9 9 9 9 9 9 9
0 1 10 11 12 13 15 16 19 2 3 8 9 9 9 9 9 9 9 9
0 1 10 11 12 13 14 16 19 2 6 8 9 9 9 9 9 9 9 9
0 1 10 11 12 13 14 16 19 2 5 6 8 9 9 9 9 9 9 9
0 1 10 11 12 13 14 16 19 2 3 6 8 9 9 9 9 9 9 9
0 1 10 11 12 13 16 19 2 4 5 8 9 9 9 9 9 9 9 9
0 1 10 11 12 13 14 15 19 2 3 8 9 9 9 9 9 9 9 9
0 1 10 11 13 14 16 19 2 3 6 8 9 9 9 9 9 9 9 9
0 1 10 11 13 14 16 17 19 2 6 8 9 9 9 9 9 9 9 9
0 1 10 11 13 14 16 19 2 5 6 8 9 9 9 9 9 9 9 9
0 1 10 11 12 13 15 16 19 2 6 8 9 9 9 9 9 9 9 9
0 1 10 11 13 14 15 16 19 2 6 8 9 9 9 9 9 9 9 9
0 1 10 11 12 13 15 16 19 2 4 8 9 9 9 9 9 9 9 9
0 1 10 12 13 14 16 19 2 3 5 6 7 9 9 9 9 9 9 9
0 1 10 11 12 13 14 16 19 2 3 6 8 9 9 9 9 9 9 9
0 1 10 11 12 13 14 15 19 2 3 6 8 9 9 9 9 9 9 9
0 1 10 11 12 13 14 19 2 3 4 6 9 9 9 9 9 9 9 9
0 1 10 11 13 14 15 16 19 2 3 8 9 9 9 9 9 9 9 9
0 1 10 11 12 14 15 19 2 4 5 8 9 9 9 9 9 9 9 9
0 1 10 11 12 13 14 19 2 3 6 7 8 9 9 9 9 9 9 9
0 1 10 11 12 13 14 16 19 2 4 8 9 9 9 9 9 9 9 9
0 1 10 11 12 13 14 16 19 2 6 8 9 9 9 9 9 9 9 9
0 1 10 11 12 13 14 16 19 2 3 6 8 9 9 9 9 9 9 9
0 1 10 11 12 14 15 19 19 2 5 8 9 9 9 9 9 9 9 9
0 1 10 12 13 14 16 17 19 3 4 5 8 9 9 9 9 9 9 9
0 1 10 11 12 13 14 16 19 2 6 8 9 9 9 9 9 9 9 9
0 1 10 12 13 15 16 18 19 2 3 6 8 9 9 9 9 9 9 9
0 1 10 12 13 14 16 17 19 2 5 6 8 9 9 9 9 9 9 9
0 1 10 11 12 13 14 16 19 2 6 8 9 9 9 9 9 9 9 9
0 1 10 11 12 13 14 16 19 2 5 6 8 9 9 9 9 9 9 9
0 1 10 11 13 14 16 17 19 2 3 8 9 9 9 9 9 9 9 9
0 1 10 11 12 13 14 16 19 2 6 8 9 9 9 9 9 9 9 9
0 1 10 11 12 15 16 19 2 4 5 8 9 9 9 9 9 9 9 9
0 1 10 11 12 13 14 16 19 2 5 6 8 9 9 9 9 9 9 9
0 1 10 11 13 14 16 19 2 5 6 8 9 9 9 9 9 9 9 9
0 1 10 11 12 13 14 16 2 4 6 8 9 9 9 9 9 9 9 9
0 1 10 11 12 13 14 16 19 2 4 6 8 9 9 9 9 9 9 9
0 1 10 11 13 14 15 16 19 3 5 8 9 9 9 9 9 9 9 9
0 1 10 11 13 14 15 16 2 5 6 8 9 9 9 9 9 9 9 9
0 1 10 11 12 13 14 16 19 4 5 8 9 9 9 9 9 9 9 9
0 1 10 11 12 13 14 16 19 2 3 6 8 9 9 9 9 9 9 9
0 1 10 11 12 13 14 16 19 2 6 8 9 9 9 9 9 9 9 9
0 1 10 11 12 13 14 19 2 3 6 8 9 9 9 9 9 9 9 9
0 1 10 12 13 15 16 18 19 2 3 5 7 8 9 9 9 9 9 9
0 1 10 11 13 14 15 16 19 2 5 8 9 9 9 9 9 9 9 9
0 1 10 11 12 13 16 19 2 4 5 8 9 9 9 9 9 9 9 9
0 1 10 11 12 13 14 19 2 3 4 6 9 9 9 9 9 9 9 9
0 1 10 11 13 14 15 16 19 2 5 8 9 9 9 9 9 9 9 9
0 1 10 12 13 15 16 18 19 2 3 6 8 9 9 9 9 9 9 9
0 1 10 11 12 13 14 16 19 2 6 8 9 9 9 9 9 9 9 9
0 1 10 11 13 14 16 19 2 5 6 8 9 9 9 9 9 9 9 9
0 1 10 11 13 14 16 19 2 5 6 8 9 9 9 9 9 9 9 9
0 1 10 11 12 13 16 19 2 4 5 8 9 9 9 9 9 9 9 9
0 1 10 11 12 13 14 16 19 2 6 8 9 9 9 9 9 9 9 9
0 1 10 11 12 13 14 16 19 3 6 7 8 9 9 9 9 9 9 9
0 1 10 11 12 13 14 19 2 3 4 9 9 9 9 9 9 9 9 9
0 1 10 11 12 13 14 19 2 3 6 8 9 9 9 9 9 9 9 9
0 1 10 11 12 13 14 16 19 2 3 6 8 9 9 9 9 9 9 9
0 1 10 11 12 13 16 19 2 4 6 8 9 9 9 9 9 9 9 9
0 1 10 11 12 13 16 19 2 3 4 8 9 9 9 9 9 9 9 9
0 1 10 11 12 13 14 16 19 2 6 8 9 9 9 9 9 9 9 9
0 1 10 11 12 13 14 16 19 2 6 8 9 9 9 9 9 9 9 9
0 1 10 11 12 13 15 16 19 2 5 8 9 9 9 9 9 9 9 9
0 1 10 11 12 13 14 16 19 4 5 8 9 9 9 9 9 9 9 9
0 1 10 11 12 13 14 16 19 2 5 6 8 9 9 9 9 9 9 9
0 1 10 11 12 13 14 19 2 3 6 8 9 9 9 9 9 9 9 9
0 1 10 11 13 14 16 19 2 3 6 8 9 9 9 9 9 9 9 9
0 1 10 11 12 13 14 16 19 2 3 6 8 9 9 9 9 9 9 9
0 1 10 11 12 13 14 15 19 2 5 8 9 9 9 9 9 9 9 9
0 1 10 11 12 13 14 16 19 2 6 8 9 9 9 9 9 9 9 9
0 1 10 11 12 13 14 16 19 3 6 7 8 9 9 9 9 9 9 9
0 1 10 11 12 13 14 16 19 2 6 8 9 9 9 9 9 9 9 9
0 1 10 11 12 13 16 19 2 4 5 8 9 9 9 9 9 9 9 9
0 1 10 11 12 13 14 19 2 4 5 9 9 9 9 9 9 9 9 9
0 1 10 11 13 14 16 17 19 2 5 8 9 9 9 9 9 9 9 9
0 1 10 11 13 14 16 19 2 5 6 8 9 9 9 9 9 9 9 9
0 1 10 11 12 13 14 16 19 4 5 8 9 9 9 9 9 9 9 9
0 1 10 11 12 13 15 16 19 2 3 8 9 9 9 9 9 9 9 9
0 1 10 11 12 13 14 16 19 2 6 8 9 9 9 9 9 9 9 9
0 1 10 11 13 14 15 16 17 2 5 8 9 9 9 9 9 9 9 9
0 1 10 11 13 14 16 19 2 3 6 8 9 9 9 9 9 9 9 9
0 1 10 11 12 13 14 16 19 2 5 6 8 9 9 9 9 9 9 9
0 1 10 11 12 13 14 16 19 2 6 7 9 9 9 9 9 9 9 9
0 1 10 11 12 13 14 16 19 2 6 8 9 9 9 9 9 9 9 9
0 1 10 11 13 14 16 17 19 2 5 8 9 9 9 9 9 9 9 9
0 1 10 11 12 13 14 16 19 2 5 6 8 9 9 9 9 9 9 9
0 1 10 11 12 13 16 19 2 3 6 7 8 9 9 9 9 9 9 9
0 1 10 11 12 13 14 16 19 2 5 6 8 9 9 9 9 9 9 9
0 1 10 11 13 14 16 19 2 3 6 8 9 9 9 9 9 9 9 9
0 1 10 11 12 13 14 16 19 2 6 8 9 9 9 9 9 9 9 9
0 1 10 12 13 15 16 18 19 2 3 6 8 9 9 9 9 9 9 9
0 1 10 11 13 14 15 16 2 3 6 8 9 9 9 9 9 9 9 9
0 1 10 11 12 13 14 16 19 2 4 6 8 9 9 9 9 9 9 9
0 1 10 11 12 13 14 19 2 3 4 6 8 9 9 9 9 9 9 9
0 1 10 11 12 13 14 16 19 2 4 5 8 9 9 9 9 9 9 9
0 1 10 11 13 14 16 19 2 5 6 8 9 9 9 9 9 9 9 9
0 1 10 11 13 14 16 19 2 3 6 8 9 9 9 9 9 9 9 9
0 1 10 11 12 13 14 16 19 2 6 8 9 9 9 9 9 9 9 9
0 1 10 11 13 14 16 17 19 2 5 8 9 9 9 9 9 9 9 9
0 1 10 11 12 13 14 16 19 2 3 6 8 9 9 9 9 9 9 9
0 1 10 11 12 13 16 19 2 5 6 8 9 9 9 9 9 9 9 9
0 1 10 11 12 13 16 19 2 4 6 8 9 9 9 9 9 9 9 9
0 1 10 11 13 15 16 19 2 3 6 8 9 9 9 9 9 9 9 9
0 1 10 11 12 13 14 16 19 2 4 5 8 9 9 9 9 9 9 9
0 1 10 11 12 13 14 16 19 2 3 6 7 8 9 9 9 9 9 9
0 1 10 11 13 14 16 19 2 3 6 8 9 9 9 9 9 9 9 9
0 1 10 11 13 14 16 19 2 3 6 8 9 9 9 9 9 9 9 9
0 1 10 11 12 13 14 16 19 2 6 8 9 9 9 9 9 9 9 9
0 1 10 11 12 13 14 19 2 4 5 8 9 9 9 9 9 9 9 9
0 1 10 11 13 14 16 19 2 3 6 8 9 9 9 9 9 9 9 9
0 1 10 11 13 14 16 17 19 2 5 8 9 9 9 9 9 9 9 9
0 1 10 11 12 13 14 16 19 2 6 8 9 9 9 9 9 9 9 9
0 1 10 11 13 14 16 19 2 3 5 8 9 9 9 9 9 9 9 9
0 1 10 11 12 13 14 16 19 2 6 8 9 9 9 9 9 9 9 9
0 1 10 12 13 15 16 18 19 2 3 5 7 9 9 9 9 9 9 9
0 1 10 11 13 14 15 19 2 3 5 8 9 9 9 9 9 9 9 9
0 1 10 11 12 13 15 16 19 2 3 7 8 9 9 9 9 9 9 9
0 1 10 11 13 14 16 19 2 3 6 8 9 9 9 9 9 9 9 9
0 1 10 11 12 13 15 16 19 2 3 6 8 9 9 9 9 9 9 9
0 1 10 11 12 13 14 16 19 2 3 6 8 9 9 9 9 9 9 9
0 1 10 11 12 13 14 16 19 2 5 6 8 9 9 9 9 9 9 9
0 1 10 11 12 13 14 19 2 3 4 8 9 9 9 9 9 9 9 9
0 1 10 11 12 13 14 16 19 2 5 6 9 9 9 9 9 9 9 9
0 1 10 11 12 13 15 16 19 2 5 8 9 9 9 9 9 9 9 9
0 1 10 11 12 13 14 16 19 4 5 8 9 9 9 9 9 9 9 9
0 1 10 11 13 14 15 16 19 2 3 8 9 9 9 9 9 9 9 9
0 1 10 11 13 14 16 19 2 5 6 8 9 9 9 9 9 9 9 9
0 1 10 11 12 13 15 16 19 2 5 8 9 9 9 9 9 9 9 9
0 1 10 11 12 13 14 16 19 2 3 6 8 9 9 9 9 9 9 9
0 1 10 11 12 13 14 16 19 2 5 6 9 9 9 9 9 9 9 9
0 1 10 11 12 13 14 19 2 3 4 6 8 9 9 9 9 9 9 9
0 1 10 11 12 13 14 16 19 2 3 6 8 9 9 9 9 9 9 9
0 1 10 11 12 13 14 16 19 2 6 8 9 9 9 9 9 9 9 9
0 1 10 11 13 14 15 16 19 2 5 8 9 9 9 9 9 9 9 9
0 1 10 11 12 13 14 16 19 2 3 6 8 9 9 9 9 9 9 9
0 1 10 11 12 13 14 16 19 2 6 8 9 9 9 9 9 9 9 9
0 1 10 12 13 14 15 17 19 2 3 5 8 9 9 9 9 9 9 9
0 1 10 11 12 13 14 16 19 2 6 8 9 9 9 9 9 9 9 9
0 1 10 11 13 14 16 17 19 2 5 8 9 9 9 9 9 9 9 9
0 1 10 12 13 14 15 17 19 2 5 6 8 9 9 9 9 9 9 9
0 1 10 11 12 13 14 16 19 2 6 8 9 9 9 9 9 9 9 9
0 1 10 11 12 13 16 19 2 4 5 8 9 9 9 9 9 9 9 9
0 1 10 11 12 13 14 16 2 4 6 8 9 9 9 9 9 9 9 9
0 1 10 11 12 13 14 16 19 2 4 6 8 9 9 9 9 9 9 9
0 1 10 11 12 14 15 19 19 2 6 8 9 9 9 9 9 9 9 9
0 1 10 12 13 15 16 19 2 3 5 6 8 9 9 9 9 9 9 9
0 1 10 11 12 13 14 16 19 2 6 8 9 9 9 9 9 9 9 9
0 1 10 11 12 13 15 16 19 2 3 6 8 9 9 9 9 9 9 9
0 1 10 11 13 14 15 16 2 5 6 8 9 9 9 9 9 9 9 9
0 1 10 11 12 13 14 16 19 2 3 6 8 9 9 9 9 9 9 9
0 1 10 11 13 15 16 19 2 3 6 8 9 9 9 9 9 9 9 9
0 1 10 12 13 15 16 18 19 2 3 6 7 8 9 9 9 9 9 9
0 1 10 11 13 14 16 19 2 3 6 8 9 9 9 9 9 9 9 9
0 1 10 11 12 13 14 16 19 2 4 5 8 9 9 9 9 9 9 9
0 1 10 11 12 13 15 16 19 2 3 6 8 9 9 9 9 9 9 9
0 1 10 11 13 14 16 19 2 3 6 8 9 9 9 9 9 9 9 9
0 1 10 11 12 13 14 16 19 2 5 6 8 9 9 9 9 9 9 9
0 1 10 11 13 14 16 19 2 5 6 8 9 9 9 9 9 9 9 9
0 1 10 11 13 14 15 16 19 2 3 8 9 9 9 9 9 9 9 9
0 1 10 11 12 13 14 19 2 3 6 8 9 9 9 9 9 9 9 9
0 1 10 11 13 14 16 19 2 3 6 8 9 9 9 9 9 9 9 9
0 1 10 11 13 14 15 16 19 2 5 8 9 9 9 9 9 9 9 9
0 1 10 12 13 14 16 19 2 3 5 6 7 9 9 9 9 9 9 9
0 1 10 11 12 13 14 16 19 2 3 6 8 9 9 9 9 9 9 9
0 1 10 12 13 14 16 17 19 2 5 6 8 9 9 9 9 9 9 9
0 1 10 11 12 13 14 16 19 2 6 8 9 9 9 9 9 9 9 9
0 1 10 11 12 13 14 16 19 2 6 8 9 9 9 9 9 9 9 9
0 1 10 11 12 13 15 16 19 2 6 8 9 9 9 9 9 9 9 9
0 1 10 11 13 14 16 19 2 3 5 6 9 9 9 9 9 9 9 9
0 1 10 11 12 13 14 16 19 2 3 6 8 9 9 9 9 9 9 9
0 1 10 12 13 14 16 17 19 2 3 6 7 8 9 9 9 9 9 9
0 1 10 12 13 14 15 19 2 3 5 6 8 9 9 9 9 9 9 9
0 1 10 11 13 14 16 19 2 3 6 8 9 9 9 9 9 9 9 9
0 1 10 11 12 13 14 16 19 2 5 6 9 9 9 9 9 9 9 9
0 1 10 11 12 13 16 19 2 4 5 8 9 9 9 9 9 9 9 9
0 1 10 11 12 13 14 16 19 4 5 8 9 9 9 9 9 9 9 9
0 1 10 11 12 13 16 19 2 3 6 7 8 9 9 9 9 9 9 9
0 1 10 11 12 13 16 19 2 3 4 6 8 9 9 9 9 9 9 9
0 1 10 12 13 15 16 18 19 2 3 6 7 8 9 9 9 9 9 9
0 1 10 11 12 13 15 16 19 2 6 8 9 9 9 9 9 9 9 9
0 1 10 11 12 13 14 16 19 2 4 6 8 9 9 9 9 9 9 9
0 1 10 11 13 14 16 19 2 3 5 8 9 9 9 9 9 9 9 9
0 1 10 11 12 13 14 16 19 2 6 8 9 9 9 9 9 9 9 9
0 1 10 11 12 13 14 16 2 4 6 8 9 9 9 9 9 9 9 9
0 1 10 11 12 13 14 16 19 2 4 6 8 9 9 9 9 9 9 9
0 1 10 11 12 14 15 19 19 2 5 8 9 9 9 9 9 9 9 9
0 1 10 11 12 13 14 16 19 2 6 8 9 9 9 9 9 9 9 9
0 1 10 12 13 15 16 18 19 2 3 6 7 9 9 9 9 9 9 9
0 1 10 11 12 13 16 19 2 4 5 8 9 9 9 9 9 9 9 9
0 1 10 11 12 13 14 16 19 2 6 8 9 9 9 9 9 9 9 9
0 1 10 11 13 14 16 19 2 3 6 8 9 9 9 9 9 9 9 9
0 1 10 11 12 13 14 16 19 2 6 7 9 9 9 9 9 9 9 9
0 1 10 11 12 13 14 19 2 3 4 8 9 9 9 9 9 9 9 9
0 1 10 11 12 13 16 19 2 4 5 8 9 9 9 9 9 9 9 9
0 1 10 11 12 13 14 16 19 2 6 8 9 9 9 9 9 9 9 9
0 1 10 12 13 14 17 19 2 3 5 6 8 9 9 9 9 9 9 9
0 1 10 11 13 14 15 16 19 3 5 8 9 9 9 9 9 9 9 9
0 1 10 11 13 14 16 17 19 2 6 8 9 9 9 9 9 9 9 9
0 1 10 11 12 13 16 19 2 4 5 8 9 9 9 9 9 9 9 9
0 1 10 11 13 14 16 19 2 5 6 9 9 9 9 9 9 9 9 9
0 1 10 11 12 14 15 16 19 4 5 6 8 9 9 9 9 9 9 9
0 1 10 11 13 14 16 19 2 3 6 8 9 9 9 9 9 9 9 9
0 1 10 11 12 13 14 16 19 2 5 6 8 9 9 9 9 9 9 9
0 1 10 11 12 13 14 16 19 2 4 6 8 9 9 9 9 9 9 9
0 1 10 11 13 14 16 19 2 5 6 8 9 9 9 9 9 9 9 9
0 1 10 12 13 14 16 19 2 3 5 6 7 8 9 9 9 9 9 9
0 1 10 11 12 14 15 16 19 4 5 8 9 9 9 9 9 9 9 9
0 1 10 11 12 13 14 16 19 4 5 8 9 9 9 9 9 9 9 9
0 1 10 11 12 13 14 16 19 2 3 6 8 9 9 9 9 9 9 9
0 1 10 12 13 14 15 18 19 2 3 5 6 9 9 9 9 9 9 9
0 1 10 11 13 14 16 19 2 3 6 8 9 9 9 9 9 9 9 9
0 1 10 11 12 13 14 16 19 2 6 8 9 9 9 9 9 9 9 9
0 1 10 11 12 14 15 19 19 2 5 8 9 9 9 9 9 9 9 9
0 1 10 11 12 13 16 19 2 4 5 8 9 9 9 9 9 9 9 9
0 1 10 11 12 13 16 19 2 3 6 8 9 9 9 9 9 9 9 9
0 1 10 11 12 13 15 16 19 2 4 8 9 9 9 9 9 9 9 9
0 1 10 11 13 14 16 19 2 5 6 9 9 9 9 9 9 9 9 9
0 1 10 11 12 13 16 19 2 4 5 8 9 9 9 9 9 9 9 9
0 1 10 11 13 15 16 19 2 3 5 8 9 9 9 9 9 9 9 9
0 1 10 11 12 14 15 16 19 4 5 8 9 9 9 9 9 9 9 9
0 1 10 11 13 15 16 19 2 5 6 8 9 9 9 9 9 9 9 9
0 1 10 11 12 13 16 19 2 4 5 8 9 9 9 9 9 9 9 9
0 1 10 11 12 13 14 16 19 2 4 8 9 9 9 9 9 9 9 9
0 1 10 11 12 14 15 19 19 4 5 8 9 9 9 9 9 9 9 9
0 1 10 11 12 14 15 19 2 4 6 8 9 9 9 9 9 9 9 9
0 1 10 11 12 13 14 16 19 2 4 6 8 9 9 9 9 9 9 9
0 1 10 11 13 14 15 16 19 3 5 7 9 9 9 9 9 9 9 9
0 1 10 11 12 13 15 16 19 2 3 6 8 9 9 9 9 9 9 9
0 1 10 11 12 13 14 16 19 2 5 6 8 9 9 9 9 9 9 9
0 1 10 11 12 13 14 16 19 2 5 6 8 9 9 9 9 9 9 9
0 1 10 11 13 14 16 19 2 3 6 8 9 9 9 9 9 9 9 9
0 1 10 11 13 14 16 19 2 5 6 9 9 9 9 9 9 9 9 9
0 1 10 12 13 14 15 18 19 3 4 5 8 9 9 9 9 9 9 9
0 1 10 11 12 13 14 16 19 2 6 8 9 9 9 9 9 9 9 9
0 1 10 11 12 13 16 19 2 3 4 6 8 9 9 9 9 9 9 9
0 1 10 11 12 13 14 16 19 2 4 6 8 9 9 9 9 9 9 9
0 1 10 11 12 13 15 19 2 3 4 8 9 9 9 9 9 9 9 9
0 1 10 11 12 13 15 16 19 3 4 5 8 9 9 9 9 9 9 9
0 1 10 12 13 14 15 18 2 3 4 5 8 9 9 9 9 9 9 9
0 1 10 11 12 13 14 19 2 3 6 8 9 9 9 9 9 9 9 9
0 1 10 11 13 14 15 16 19 2 3 8 9 9 9 9 9 9 9 9
0 1 10 12 13 14 15 18 19 3 4 5 8 9 9 9 9 9 9 9
0 1 10 11 12 13 15 16 19 2 5 8 9 9 9 9 9 9 9 9
0 1 10 12 13 14 15 18 19 2 3 5 6 9 9 9 9 9 9 9
0 1 10 11 12 13 14 16 19 2 6 8 9 9 9 9 9 9 9 9
0 1 10 11 12 13 14 16 19 2 5 6 8 9 9 9 9 9 9 9
0 1 10 11 12 13 14 16 19 2 4 6 8 9 9 9 9 9 9 9
0 1 10 11 12 13 14 16 19 2 6 8 9 9 9 9 9 9 9 9
0 1 10 11 13 14 15 16 19 2 5 8 9 9 9 9 9 9 9 9
0 1 10 12 13 15 16 17 19 2 5 6 8 9 9 9 9 9 9 9
0 1 10 11 12 13 16 19 2 4 5 8 9 9 9 9 9 9 9 9
0 1 10 11 12 13 14 16 19 2 6 8 9 9 9 9 9 9 9 9
0 1 10 11 12 13 14 19 2 3 4 8 9 9 9 9 9 9 9 9
0 1 10 11 12 13 14 16 19 2 5 6 9 9 9 9 9 9 9 9
0 1 10 11 13 14 16 19 2 5 6 9 9 9 9 9 9 9 9 9
0 1 10 11 12 13 16 19 2 3 4 8 9 9 9 9 9 9 9 9
0 1 10 11 13 14 16 19 2 3 6 8 9 9 9 9 9 9 9 9
0 1 10 12 13 14 16 19 2 3 5 6 8 9 9 9 9 9 9 9
0 1 10 11 12 13 15 16 19 2 4 8 9 9 9 9 9 9 9 9
0 1 10 11 12 13 14 16 19 2 6 8 9 9 9 9 9 9 9 9
0 1 10 11 12 13 16 19 2 4 5 8 9 9 9 9 9 9 9 9
0 1 10 11 12 13 14 16 19 2 6 8 9 9 9 9 9 9 9 9
0 1 10 11 13 14 15 16 19 3 5 8 9 9 9 9 9 9 9 9
0 1 10 11 12 13 16 19 2 3 4 6 8 9 9 9 9 9 9 9
0 1 10 11 12 13 14 19 2 3 4 8 9 9 9 9 9 9 9 9
0 1 10 11 12 13 14 16 19 2 3 6 8 9 9 9 9 9 9 9
0 1 10 11 13 14 15 16 19 2 5 8 9 9 9 9 9 9 9 9
0 1 10 11 13 14 16 19 2 5 6 9 9 9 9 9 9 9 9 9
0 1 10 11 13 14 16 19 2 5 6 9 9 9 9 9 9 9 9 9
0 1 10 11 12 13 15 16 19 2 6 8 9 9 9 9 9 9 9 9
0 1 10 12 13 15 16 18 19 2 3 5 7 9 9 9 9 9 9 9
0 1 10 11 12 13 14 19 2 4 5 8 9 9 9 9 9 9 9 9
0 1 10 12 13 14 17 19 2 3 5 6 8 9 9 9 9 9 9 9
0 1 10 12 13 15 16 17 19 2 3 5 7 8 9 9 9 9 9 9
0 1 10 11 12 13 14 15 19 2 3 6 8 9 9 9 9 9 9 9
0 1 10 11 12 13 14 16 19 2 3 6 8 9 9 9 9 9 9 9
0 1 10 11 13 14 15 16 19 3 5 8 9 9 9 9 9 9 9 9
0 1 10 11 13 14 15 16 19 2 6 8 9 9 9 9 9 9 9 9
0 1 10 11 12 13 16 19 2 4 5 8 9 9 9 9 9 9 9 9
0 1 10 12 13 15 16 18 19 2 3 5 6 8 9 9 9 9 9 9
0 1 10 11 13 14 16 19 2 5 6 9 9 9 9 9 9 9 9 9
0 1 10 11 12 13 14 16 19 2 3 6 8 9 9 9 9 9 9 9
0 1 10 11 12 13 14 16 19 2 6 8 9 9 9 9 9 9 9 9
0 1 10 11 13 14 16 19 2 3 5 6 9 9 9 9 9 9 9 9
0 1 10 11 12 13 14 19 2 3 6 8 9 9 9 9 9 9 9 9
0 1 10 11 13 14 15 16 17 2 5 8 9 9 9 9 9 9 9 9
0 1 10 11 13 14 15 16 19 2 5 8 9 9 9 9 9 9 9 9
0 1 10 11 13 14 15 16 19 2 5 8 9 9 9 9 9 9 9 9
0 1 10 11 12 13 14 16 19 4 5 8 9 9 9 9 9 9 9 9
0 1 10 11 12 13 14 16 19 2 3 6 7 8 9 9 9 9 9 9
0 1 10 11 12 13 14 16 19 4 5 8 9 9 9 9 9 9 9 9
0 1 10 11 12 13 14 16 2 4 5 6 9 9 9 9 9 9 9 9
0 1 10 12 13 15 16 18 19 2 3 6 8 9 9 9 9 9 9 9
0 1 10 12 13 14 16 19 2 3 4 5 6 8 9 9 9 9 9 9
0 1 10 11 12 13 14 16 19 2 4 6 8 9 9 9 9 9 9 9
0 1 10 11 12 13 14 16 19 2 4 5 8 9 9 9 9 9 9 9
0 1 10 11 12 14 15 16 19 4 5 8 9 9 9 9 9 9 9 9
0 1 10 11 13 14 15 16 19 2 3 8 9 9 9 9 9 9 9 9
0 1 10 11 12 14 15 16 19 4 5 6 8 9 9 9 9 9 9 9
0 1 10 11 13 14 15 16 19 3 5 8 9 9 9 9 9 9 9 9
0 1 10 11 13 14 16 17 19 2 3 8 9 9 9 9 9 9 9 9
0 1 10 11 12 13 16 19 2 4 5 8 9 9 9 9 9 9 9 9
0 1 10 11 13 14 16 19 2 5 6 9 9 9 9 9 9 9 9 9
0 1 10 11 12 13 14 16 19 2 6 8 9 9 9 9 9 9 9 9
0 1 10 11 13 14 16 19 2 3 6 8 9 9 9 9 9 9 9 9
0 1 10 11 12 13 14 16 19 2 6 8 9 9 9 9 9 9 9 9
0 1 10 11 13 14 15 16 19 2 3 8 9 9 9 9 9 9 9 9
0 1 10 11 12 14 15 16 19 4 5 8 9 9 9 9 9 9 9 9
0 1 10 11 13 14 16 19 2 5 6 8 9 9 9 9 9 9 9 9
0 1 10 11 13 15 16 19 2 3 5 8 9 9 9 9 9 9 9 9
0 1 10 11 12 14 15 16 19 4 5 8 9 9 9 9 9 9 9 9
0 1 10 11 13 14 15 16 19 2 5 8 9 9 9 9 9 9 9 9
0 1 10 11 13 14 16 19 2 5 6 9 9 9 9 9 9 9 9 9
0 1 10 11 12 14 15 16 19 4 5 6 8 9 9 9 9 9 9 9
0 1 10 11 12 13 16 19 2 3 4 6 8 9 9 9 9 9 9 9
0 1 10 11 13 14 16 19 2 3 5 6 9 9 9 9 9 9 9 9
0 1 10 11 13 14 15 16 2 3 4 6 8 9 9 9 9 9 9 9
0 1 10 12 13 14 15 19 2 3 5 6 7 8 9 9 9 9 9 9
0 1 10 11 13 14 15 16 19 3 6 8 9 9 9 9 9 9 9 9
0 1 10 11 13 14 16 19 2 3 6 8 9 9 9 9 9 9 9 9
0 1 10 11 12 13 14 19 2 3 4 8 9 9 9 9 9 9 9 9
0 1 10 11 13 14 16 19 2 3 6 8 9 9 9 9 9 9 9 9
0 1 10 11 12 13 14 15 19 3 4 8 9 9 9 9 9 9 9 9
0 1 10 11 13 14 16 19 2 3 6 8 9 9 9 9 9 9 9 9
0 1 10 11 12 13 14 16 19 2 6 8 9 9 9 9 9 9 9 9
0 1 10 11 12 14 15 19 19 5 6 8 9 9 9 9 9 9 9 9
0 1 10 11 12 13 14 16 19 2 6 8 9 9 9 9 9 9 9 9
0 1 10 11 12 13 14 19 2 3 4 8 9 9 9 9 9 9 9 9
0 1 10 11 12 13 15 16 19 2 5 8 9 9 9 9 9 9 9 9
0 1 10 11 12 13 14 16 19 4 5 8 9 9 9 9 9 9 9 9
0 1 10 11 13 14 16 19 2 3 6 8 9 9 9 9 9 9 9 9
0 1 10 11 12 13 14 16 19 4 6 8 9 9 9 9 9 9 9 9
0 1 10 11 12 13 14 16 19 2 6 7 9 9 9 9 9 9 9 9
0 1 10 11 12 13 14 16 19 4 5 6 9 9 9 9 9 9 9 9
0 1 10 11 12 13 14 15 19 2 3 6 8 9 9 9 9 9 9 9
0 1 10 11 13 15 16 19 2 3 6 8 9 9 9 9 9 9 9 9
0 1 10 11 12 13 14 16 19 2 5 6 8 9 9 9 9 9 9 9
0 1 10 11 12 13 14 16 19 4 5 8 9 9 9 9 9 9 9 9
0 1 10 11 12 13 16 19 2 4 5 8 9 9 9 9 9 9 9 9
0 1 10 11 12 14 15 19 2 5 6 8 9 9 9 9 9 9 9 9
0 1 10 11 12 13 14 16 19 2 5 6 8 9 9 9 9 9 9 9
0 1 10 11 12 13 14 19 2 4 5 8 9 9 9 9 9 9 9 9
0 1 10 11 12 13 14 16 19 2 4 6 8 9 9 9 9 9 9 9
0 1 10 11 12 13 14 16 19 2 6 8 9 9 9 9 9 9 9 9
0 1 10 12 13 14 15 19 2 3 5 6 7 9 9 9 9 9 9 9
0 1 10 11 12 13 14 16 19 2 6 8 9 9 9 9 9 9 9 9
0 1 10 11 12 13 14 16 19 2 6 8 9 9 9 9 9 9 9 9
0 1 10 11 13 14 16 19 2 5 8 9 9 9 9 9 9 9 9 9
0 1 10 11 12 13 16 19 2 4 5 8 9 9 9 9 9 9 9 9
0 1 10 11 13 14 16 19 2 3 6 8 9 9 9 9 9 9 9 9
0 1 10 11 12 13 16 19 2 4 5 8 9 9 9 9 9 9 9 9
0 1 10 11 12 13 14 19 2 3 4 8 9 9 9 9 9 9 9 9
0 1 10 11 12 13 16 19 2 4 5 8 9 9 9 9 9 9 9 9
0 1 10 11 12 13 14 16 19 4 5 8 9 9 9 9 9 9 9 9
0 1 10 11 12 13 14 16 19 2 6 8 9 9 9 9 9 9 9 9
0 1 10 11 12 13 14 19 19 3 4 8 9 9 9 9 9 9 9 9
0 1 10 11 12 13 16 19 2 4 5 8 9 9 9 9 9 9 9 9
0 1 10 11 12 13 14 16 19 2 3 6 8 9 9 9 9 9 9 9
0 1 10 11 12 13 14 16 19 2 5 8 9 9 9 9 9 9 9 9
0 1 10 11 13 14 15 16 19 2 5 8 9 9 9 9 9 9 9 9
0 1 10 11 12 13 16 19 2 4 5 8 9 9 9 9 9 9 9 9
0 1 10 11 13 14 16 19 2 5 6 8 9 9 9 9 9 9 9 9
0 1 10 11 12 13 14 16 19 2 5 6 8 9 9 9 9 9 9 9
0 1 10 11 13 14 16 19 2 3 6 8 9 9 9 9 9 9 9 9
0 1 10 11 12 13 14 16 2 4 5 8 9 9 9 9 9 9 9 9
0 1 10 11 13 14 15 16 19 2 3 6 8 9 9 9 9 9 9 9
0 1 10 11 12 13 15 16 19 2 3 7 8 9 9 9 9 9 9 9
0 1 10 12 13 15 16 18 19 2 3 4 7 8 9 9 9 9 9 9
0 1 10 11 13 14 15 16 19 3 5 8 9 9 9 9 9 9 9 9
0 1 10 11 12 13 14 16 19 2 6 8 9 9 9 9 9 9 9 9
0 1 10 11 12 13 14 19 2 3 4 8 9 9 9 9 9 9 9 9
0 1 10 11 12 13 14 16 19 2 3 6 8 9 9 9 9 9 9 9
0 1 10 11 12 13 14 16 19 2 6 8 9 9 9 9 9 9 9 9
0 1 10 11 12 14 15 16 19 4 5 6 8 9 9 9 9 9 9 9
0 1 10 11 12 14 15 19 19 5 6 8 9 9 9 9 9 9 9 9
0 1 10 11 13 14 15 16 19 2 5 8 9 9 9 9 9 9 9 9
0 1 10 11 12 13 16 19 2 4 5 8 9 9 9 9 9 9 9 9
0 1 10 11 12 13 14 16 19 2 6 8 9 9 9 9 9 9 9 9
0 1 10 11 12 14 15 19 19 2 6 8 9 9 9 9 9 9 9 9
0 1 10 11 12 14 15 19 19 2 5 6 9 9 9 9 9 9 9 9
0 1 10 11 12 13 14 16 19 2 6 8 9 9 9 9 9 9 9 9
0 1 10 11 12 13 14 16 19 2 5 6 8 9 9 9 9 9 9 9
0 1 10 11 12 13 14 16 19 2 6 8 9 9 9 9 9 9 9 9
0 1 10 12 13 14 15 19 2 3 5 6 8 9 9 9 9 9 9 9
0 1 10 11 12 13 14 19 2 3 6 8 9 9 9 9 9 9 9 9
0 1 10 11 12 13 14 16 19 2 3 6 8 9 9 9 9 9 9 9
0 1 10 11 12 13 16 19 2 4 5 8 9 9 9 9 9 9 9 9
0 1 10 12 13 15 16 18 19 2 3 6 8 9 9 9 9 9 9 9
0 1 10 11 12 13 14 16 19 2 5 6 8 9 9 9 9 9 9 9
0 1 10 11 12 14 15 16 19 4 5 7 8 9 9 9 9 9 9 9
0 1 10 12 13 15 16 18 19 2 3 5 6 8 9 9 9 9 9 9
0 1 10 11 13 14 15 16 19 2 3 8 9 9 9 9 9 9 9 9
0 1 10 11 12 13 14 16 19 2 3 6 8 9 9 9 9 9 9 9
0 1 10 11 12 13 14 16 19 2 6 8 9 9 9 9 9 9 9 9
0 1 10 11 12 13 14 16 19 2 6 8 9 9 9 9 9 9 9 9
0 1 10 11 12 13 14 16 2 4 5 6 9 9 9 9 9 9 9 9
0 1 10 11 12 13 16 19 2 3 4 6 8 9 9 9 9 9 9 9
0 1 10 11 12 13 16 19 2 4 5 8 9 9 9 9 9 9 9 9
0 1 10 11 12 15 16 19 2 4 5 8 9 9 9 9 9 9 9 9
0 1 10 11 13 14 16 19 2 3 6 8 9 9 9 9 9 9 9 9
0 1 10 11 12 13 14 16 19 2 5 6 8 9 9 9 9 9 9 9
0 1 10 11 13 14 16 19 2 3 6 8 9 9 9 9 9 9 9 9
0 1 10 11 12 13 14 16 19 2 3 6 8 9 9 9 9 9 9 9
0 1 10 11 13 14 16 17 19 2 8 9 9 9 9 9 9 9 9 9
0 1 10 11 12 14 15 16 19 4 5 6 8 9 9 9 9 9 9 9
0 1 10 12 13 15 16 18 19 2 3 6 8 9 9 9 9 9 9 9
0 1 10 11 12 13 14 16 19 3 4 6 8 9 9 9 9 9 9 9
0 1 10 11 13 14 15 16 2 3 6 7 8 9 9 9 9 9 9 9
0 1 10 11 12 13 16 19 2 4 5 8 9 9 9 9 9 9 9 9
0 1 10 11 13 15 16 19 2 3 5 8 9 9 9 9 9 9 9 9
0 1 10 11 13 14 16 17 19 2 5 8 9 9 9 9 9 9 9 9
0 1 10 12 13 14 15 17 19 3 4 5 8 9 9 9 9 9 9 9
0 1 10 11 13 14 15 16 19 2 5 8 9 9 9 9 9 9 9 9
0 1 10 11 12 13 14 16 2 4 5 6 9 9 9 9 9 9 9 9
0 1 10 11 12 13 14 16 19 2 4 6 8 9 9 9 9 9 9 9
0 1 10 11 12 13 14 16 19 3 4 8 9 9 9 9 9 9 9 9
0 1 10 11 13 14 15 16 17 2 5 8 9 9 9 9 9 9 9 9
0 1 10 11 12 13 15 16 19 2 5 8 9 9 9 9 9 9 9 9
0 1 10 11 12 13 14 16 19 4 5 8 9 9 9 9 9 9 9 9
0 1 10 11 12 13 16 19 2 4 5 8 9 9 9 9 9 9 9 9
0 1 10 11 13 14 16 19 2 3 6 8 9 9 9 9 9 9 9 9
0 1 10 12 13 14 16 17 19 4 5 8 9 9 9 9 9 9 9 9
0 1 10 11 12 13 14 19 2 4 5 8 9 9 9 9 9 9 9 9
0 1 10 11 12 13 14 16 19 3 4 6 8 9 9 9 9 9 9 9
0 1 10 11 12 13 14 16 19 3 4 6 8 9 9 9 9 9 9 9
0 1 10 11 12 13 14 16 19 2 6 8 9 9 9 9 9 9 9 9
0 1 10 11 12 13 14 16 19 2 3 6 8 9 9 9 9 9 9 9
0 1 10 12 13 14 15 18 19 2 3 5 8 9 9 9 9 9 9 9
0 1 10 11 12 13 16 19 2 4 5 8 9 9 9 9 9 9 9 9
0 1 10 11 12 13 15 16 19 2 3 8 9 9 9 9 9 9 9 9
0 1 10 11 12 13 14 16 19 4 5 8 9 9 9 9 9 9 9 9
0 1 10 11 13 14 16 19 2 3 6 8 9 9 9 9 9 9 9 9
0 1 10 11 13 14 16 19 2 5 6 8 9 9 9 9 9 9 9 9
0 1 10 12 13 15 16 18 19 2 3 6 8 9 9 9 9 9 9 9
0 1 10 11 12 13 16 19 2 4 5 8 9 9 9 9 9 9 9 9
0 1 10 12 13 14 15 19 2 3 5 6 8 9 9 9 9 9 9 9
0 1 10 11 12 13 16 19 2 4 5 8 9 9 9 9 9 9 9 9
0 1 10 11 12 13 14 19 2 3 6 8 9 9 9 9 9 9 9 9
0 1 10 11 12 13 14 16 19 2 6 7 9 9 9 9 9 9 9 9
0 1 10 11 12 13 14 16 19 4 5 8 9 9 9 9 9 9 9 9
0 1 10 12 13 14 15 19 2 3 5 6 8 9 9 9 9 9 9 9
0 1 10 11 12 13 16 19 2 4 5 8 9 9 9 9 9 9 9 9
0 1 10 12 13 14 16 19 2 5 6 7 8 9 9 9 9 9 9 9
0 1 10 12 13 14 16 17 2 3 4 5 6 9 9 9 9 9 9 9
0 1 10 11 13 14 15 16 19 3 5 8 9 9 9 9 9 9 9 9
0 1 10 11 13 14 16 17 2 5 6 8 9 9 9 9 9 9 9 9
0 1 10 11 13 14 16 19 2 3 6 8 9 9 9 9 9 9 9 9
0 1 10 11 12 13 14 19 2 3 4 6 8 9 9 9 9 9 9 9
0 1 10 11 12 13 14 16 19 2 4 6 8 9 9 9 9 9 9 9
0 1 10 11 13 15 16 19 2 3 6 8 9 9 9 9 9 9 9 9
0 1 10 12 13 15 16 18 2 3 4 5 7 9 9 9 9 9 9 9
0 1 10 12 13 14 16 19 2 3 4 5 7 9 9 9 9 9 9 9
0 1 10 11 12 13 14 16 19 4 5 8 9 9 9 9 9 9 9 9
0 1 10 12 13 14 16 19 2 3 5 6 8 9 9 9 9 9 9 9
0 1 10 11 13 14 15 16 19 2 3 6 8 9 9 9 9 9 9 9
0 1 10 11 12 13 14 19 2 3 4 8 9 9 9 9 9 9 9 9
0 1 10 11 13 14 15 16 19 2 3 8 9 9 9 9 9 9 9 9
0 1 10 11 12 13 14 16 19 2 4 6 8 9 9 9 9 9 9 9
0 1 10 11 13 14 15 16 19 2 5 8 9 9 9 9 9 9 9 9
0 1 10 11 12 13 14 19 2 4 5 8 9 9 9 9 9 9 9 9
0 1 10 11 12 15 16 19 2 4 6 8 9 9 9 9 9 9 9 9
0 1 10 11 13 14 15 16 19 2 5 8 9 9 9 9 9 9 9 9
0 1 10 12 13 15 16 18 19 2 3 6 8 9 9 9 9 9 9 9
0 1 10 11 12 13 16 19 2 4 5 8 9 9 9 9 9 9 9 9
0 1 10 11 12 13 14 16 19 2 6 8 9 9 9 9 9 9 9 9
0 1 10 11 12 13 14 16 19 2 4 6 9 9 9 9 9 9 9 9
0 1 10 11 13 14 15 16 19 2 5 8 9 9 9 9 9 9 9 9
0 1 10 12 13 14 16 19 2 3 5 6 7 9 9 9 9 9 9 9
0 1 10 11 12 13 14 16 19 2 3 6 8 9 9 9 9 9 9 9
0 1 10 11 12 13 14 16 19 2 4 6 8 9 9 9 9 9 9 9
0 1 10 11 12 13 14 19 2 3 6 8 9 9 9 9 9 9 9 9
0 1 10 11 12 13 15 16 19 3 4 5 8 9 9 9 9 9 9 9
0 1 10 11 13 14 16 19 2 3 6 8 9 9 9 9 9 9 9 9
0 1 10 11 13 14 15 16 19 2 3 8 9 9 9 9 9 9 9 9
0 1 10 11 13 14 16 19 2 3 6 8 9 9 9 9 9 9 9 9
0 1 10 11 12 13 14 16 19 2 4 6 8 9 9 9 9 9 9 9
0 1 10 11 13 14 16 17 19 2 5 8 9 9 9 9 9 9 9 9
0 1 10 11 13 14 16 19 2 3 6 8 9 9 9 9 9 9 9 9
0 1 10 11 13 14 16 19 2 5 6 8 9 9 9 9 9 9 9 9
0 1 10 11 13 14 16 17 2 4 5 8 9 9 9 9 9 9 9 9
0 1 10 11 12 14 15 19 19 4 5 8 9 9 9 9 9 9 9 9
0 1 10 11 12 13 14 19 2 3 6 8 9 9 9 9 9 9 9 9
0 1 10 11 13 14 15 16 2 3 6 7 8 9 9 9 9 9 9 9
0 1 10 11 12 14 15 16 19 4 5 8 9 9 9 9 9 9 9 9
0 1 10 11 12 13 14 16 19 3 4 6 8 9 9 9 9 9 9 9
0 1 10 11 12 13 14 19 2 3 4 8 9 9 9 9 9 9 9 9
0 1 10 11 12 13 16 19 2 4 5 8 9 9 9 9 9 9 9 9
0 1 10 11 13 14 15 16 19 2 3 8 9 9 9 9 9 9 9 9
0 1 10 11 12 13 14 16 19 2 6 8 9 9 9 9 9 9 9 9
0 1 10 12 13 14 16 19 2 3 5 6 7 9 9 9 9 9 9 9
0 1 10 11 12 13 14 16 19 2 4 5 8 9 9 9 9 9 9 9
0 1 10 11 12 13 14 19 2 4 5 8 9 9 9 9 9 9 9 9
0 1 10 11 12 13 14 16 19 2 4 6 8 9 9 9 9 9 9 9
0 1 10 11 12 13 15 16 19 4 5 8 9 9 9 9 9 9 9 9
0 1 10 11 12 13 14 16 19 2 3 6 8 9 9 9 9 9 9 9
0 1 10 11 12 13 14 16 19 2 5 6 8 9 9 9 9 9 9 9
0 1 10 12 13 14 16 19 2 3 5 6 7 8 9 9 9 9 9 9
0 1 10 11 12 13 14 16 19 2 6 8 9 9 9 9 9 9 9 9
0 1 10 11 13 14 15 16 19 2 6 8 9 9 9 9 9 9 9 9
0 1 10 11 13 14 16 17 19 2 6 8 9 9 9 9 9 9 9 9
0 1 10 11 13 14 16 19 2 3 6 8 9 9 9 9 9 9 9 9
0 1 10 12 13 14 16 19 2 3 5 6 7 9 9 9 9 9 9 9
0 1 10 11 13 14 16 17 19 2 5 8 9 9 9 9 9 9 9 9
0 1 10 11 12 13 14 16 19 2 3 6 8 9 9 9 9 9 9 9
0 1 10 11 12 13 14 16 19 2 3 6 8 9 9 9 9 9 9 9
0 1 10 11 12 13 14 16 19 2 6 8 9 9 9 9 9 9 9 9
0 1 10 11 12 13 14 16 19 2 6 8 9 9 9 9 9 9 9 9
0 1 10 11 12 13 16 19 2 4 5 8 9 9 9 9 9 9 9 9
0 1 10 11 13 14 16 19 2 3 6 7 9 9 9 9 9 9 9 9
0 1 10 11 12 14 15 16 19 4 6 8 9 9 9 9 9 9 9 9
0 1 10 11 12 13 14 19 2 3 4 8 9 9 9 9 9 9 9 9
0 1 10 11 13 14 15 16 19 2 5 8 9 9 9 9 9 9 9 9
0 1 10 12 13 15 16 17 19 2 3 5 8 9 9 9 9 9 9 9
0 1 10 12 13 15 16 18 19 2 3 4 8 9 9 9 9 9 9 9
0 1 10 11 12 13 14 16 2 4 5 8 9 9 9 9 9 9 9 9
0 1 10 11 12 13 14 16 2 3 4 6 7 8 9 9 9 9 9 9
0 1 10 11 12 13 14 16 19 2 4 6 8 9 9 9 9 9 9 9
0 1 10 11 12 13 14 16 19 2 5 6 9 9 9 9 9 9 9 9
0 1 10 11 12 13 16 19 2 3 6 8 9 9 9 9 9 9 9 9
0 1 10 11 12 13 14 16 19 2 4 6 8 9 9 9 9 9 9 9
0 1 10 12 13 14 16 19 2 3 4 6 7 9 9 9 9 9 9 9
0 1 10 11 12 13 14 16 19 2 4 6 9 9 9 9 9 9 9 9
0 1 10 11 12 13 14 16 19 3 4 6 8 9 9 9 9 9 9 9
0 1 10 11 12 13 16 19 2 4 5 8 9 9 9 9 9 9 9 9
0 1 10 11 13 14 16 19 2 3 6 7 9 9 9 9 9 9 9 9
0 1 10 11 12 13 14 16 19 2 6 8 9 9 9 9 9 9 9 9
0 1 10 11 12 13 14 19 2 3 4 8 9 9 9 9 9 9 9 9
0 1 10 11 13 14 16 19 2 5 6 8 9 9 9 9 9 9 9 9
0 1 10 11 12 13 16 19 2 3 4 6 8 9 9 9 9 9 9 9
0 1 10 11 12 13 15 16 2 4 5 8 9 9 9 9 9 9 9 9
0 1 10 11 12 13 14 16 19 2 3 6 8 9 9 9 9 9 9 9
0 1 10 11 12 13 14 16 19 2 6 8 9 9 9 9 9 9 9 9
0 1 10 11 12 13 15 16 2 4 5 8 9 9 9 9 9 9 9 9
0 1 10 11 12 13 16 19 2 4 6 8 9 9 9 9 9 9 9 9
0 1 10 11 13 14 15 16 19 2 3 8 9 9 9 9 9 9 9 9
0 1 10 11 12 13 15 16 19 2 3 7 8 9 9 9 9 9 9 9
0 1 10 11 12 13 14 19 2 3 6 8 9 9 9 9 9 9 9 9
0 1 10 11 12 13 15 16 19 4 5 8 9 9 9 9 9 9 9 9
0 1 10 11 12 13 14 19 2 4 5 8 9 9 9 9 9 9 9 9
0 1 10 11 12 13 15 16 19 2 3 6 8 9 9 9 9 9 9 9
0 1 10 11 12 13 14 19 2 3 4 8 9 9 9 9 9 9 9 9
0 1 10 12 13 15 16 17 18 19 2 5 8 9 9 9 9 9 9 9
0 1 10 11 12 13 15 19 2 4 5 8 9 9 9 9 9 9 9 9
0 1 10 11 13 14 15 16 2 3 6 8 9 9 9 9 9 9 9 9
0 1 10 12 13 14 15 19 2 3 5 6 7 9 9 9 9 9 9 9
0 1 10 11 12 13 14 16 19 2 3 6 8 9 9 9 9 9 9 9
0 1 10 11 12 13 14 16 19 2 6 8 9 9 9 9 9 9 9 9
0 1 10 11 13 14 16 19 2 3 6 8 9 9 9 9 9 9 9 9
0 1 10 11 13 14 16 17 2 4 5 8 9 9 9 9 9 9 9 9
0 1 10 11 13 14 15 16 19 2 5 8 9 9 9 9 9 9 9 9
0 1 10 11 12 13 15 16 19 2 3 6 8 9 9 9 9 9 9 9
0 1 10 11 12 13 14 16 19 2 3 6 8 9 9 9 9 9 9 9
0 1 10 11 12 14 15 16 19 4 5 6 8 9 9 9 9 9 9 9
0 1 10 12 13 14 15 18 19 3 5 7 8 9 9 9 9 9 9 9
0 1 10 11 12 13 16 19 2 4 5 8 9 9 9 9 9 9 9 9
0 1 10 11 12 13 14 16 19 2 3 6 8 9 9 9 9 9 9 9
0 1 10 11 12 13 15 16 19 2 3 6 8 9 9 9 9 9 9 9
0 1 10 11 13 14 16 19 2 3 6 8 9 9 9 9 9 9 9 9
0 1 10 11 12 13 16 19 2 4 5 8 9 9 9 9 9 9 9 9
0 1 10 11 12 13 15 16 19 4 5 8 9 9 9 9 9 9 9 9
0 1 10 11 12 13 15 16 19 2 5 6 8 9 9 9 9 9 9 9
0 1 10 11 12 13 16 19 2 4 5 8 9 9 9 9 9 9 9 9
0 1 10 12 13 15 16 18 19 2 3 4 8 9 9 9 9 9 9 9
0 1 10 11 12 13 14 16 19 2 3 6 8 9 9 9 9 9 9 9
0 1 10 11 12 13 14 19 2 3 6 8 9 9 9 9 9 9 9 9
0 1 10 12 13 14 16 19 2 3 6 7 8 9 9 9 9 9 9 9
0 1 10 11 13 14 16 19 2 3 6 8 9 9 9 9 9 9 9 9
0 1 10 11 12 13 15 16 19 2 6 8 9 9 9 9 9 9 9 9
0 1 10 12 13 14 16 19 2 3 5 6 7 8 9 9 9 9 9 9
0 1 10 11 12 13 14 16 19 2 4 5 8 9 9 9 9 9 9 9
0 1 10 11 12 13 14 16 19 2 3 6 7 9 9 9 9 9 9 9
0 1 10 11 12 13 14 16 19 2 6 8 9 9 9 9 9 9 9 9
0 1 10 11 13 14 15 16 2 3 6 8 9 9 9 9 9 9 9 9
0 1 10 11 12 13 14 16 19 2 4 6 8 9 9 9 9 9 9 9
0 1 10 11 13 14 15 16 17 2 5 8 9 9 9 9 9 9 9 9
0 1 10 12 13 15 16 17 19 2 5 6 8 9 9 9 9 9 9 9
0 1 10 11 12 14 15 19 19 5 6 7 8 9 9 9 9 9 9 9
0 1 10 11 12 13 14 19 2 3 6 8 9 9 9 9 9 9 9 9
0 1 10 11 13 14 15 16 19 2 3 8 9 9 9 9 9 9 9 9
0 1 10 11 12 13 14 16 19 4 5 8 9 9 9 9 9 9 9 9
0 1 10 11 13 14 16 19 2 3 5 6 8 9 9 9 9 9 9 9
0 1 10 12 13 14 16 19 2 3 5 6 7 9 9 9 9 9 9 9
0 1 10 11 13 14 16 19 2 3 6 8 9 9 9 9 9 9 9 9
0 1 10 11 12 13 14 15 19 2 3 6 8 9 9 9 9 9 9 9
0 1 10 11 13 14 16 19 2 5 6 9 9 9 9 9 9 9 9 9
0 1 10 11 12 13 14 16 19 2 6 8 9 9 9 9 9 9 9 9
0 1 10 11 12 13 16 19 2 3 4 6 8 9 9 9 9 9 9 9
0 1 10 11 12 14 15 16 19 4 5 6 8 9 9 9 9 9 9 9
0 1 10 11 13 14 15 16 19 2 5 8 9 9 9 9 9 9 9 9
0 1 10 11 12 13 14 16 19 2 5 6 8 9 9 9 9 9 9 9
0 1 10 11 12 14 15 19 19 5 6 8 9 9 9 9 9 9 9 9
0 1 10 11 12 13 15 16 19 2 3 6 8 9 9 9 9 9 9 9
0 1 10 11 13 14 16 19 2 3 6 8 9 9 9 9 9 9 9 9
0 1 10 12 13 14 17 19 2 3 5 6 8 9 9 9 9 9 9 9
0 1 10 11 12 13 14 16 19 2 6 8 9 9 9 9 9 9 9 9
0 1 10 11 13 14 16 19 2 5 6 9 9 9 9 9 9 9 9 9
0 1 10 11 12 13 14 16 19 2 6 8 9 9 9 9 9 9 9 9
0 1 10 11 12 13 14 15 19 2 3 8 9 9 9 9 9 9 9 9
0 1 10 11 12 13 15 16 19 2 4 8 9 9 9 9 9 9 9 9
0 1 10 11 12 13 14 16 19 2 4 5 8 9 9 9 9 9 9 9
0 1 10 11 12 13 16 19 2 4 5 8 9 9 9 9 9 9 9 9
0 1 10 11 12 13 16 19 2 4 5 8 9 9 9 9 9 9 9 9
0 1 10 11 13 14 16 19 2 3 6 8 9 9 9 9 9 9 9 9
0 1 10 11 12 13 14 16 19 2 3 6 8 9 9 9 9 9 9 9
0 1 10 11 12 13 15 16 19 2 6 8 9 9 9 9 9 9 9 9
0 1 10 11 13 14 15 16 19 2 5 8 9 9 9 9 9 9 9 9
0 1 10 11 13 14 16 19 2 5 6 8 9 9 9 9 9 9 9 9
0 1 10 11 12 13 15 16 19 2 4 8 9 9 9 9 9 9 9 9
0 1 10 11 12 13 16 19 2 4 5 8 9 9 9 9 9 9 9 9
0 1 10 11 12 13 14 19 2 4 5 8 9 9 9 9 9 9 9 9
0 1 10 11 12 13 14 16 19 2 3 6 8 9 9 9 9 9 9 9
0 1 10 11 12 13 15 16 19 2 5 8 9 9 9 9 9 9 9 9
0 1 10 11 12 13 16 19 2 4 5 8 9 9 9 9 9 9 9 9
0 1 10 11 12 13 14 19 2 3 6 8 9 9 9 9 9 9 9 9
0 1 10 11 12 13 14 19 2 3 6 8 9 9 9 9 9 9 9 9
0 1 10 12 13 15 16 18 19 2 3 6 8 9 9 9 9 9 9 9
0 1 10 11 12 14 15 19 2 4 5 8 9 9 9 9 9 9 9 9
0 1 10 11 12 13 14 16 19 2 6 8 9 9 9 9 9 9 9 9
0 1 10 11 12 13 14 16 19 2 6 8 9 9 9 9 9 9 9 9
0 1 10 11 12 13 16 19 2 4 5 8 9 9 9 9 9 9 9 9
0 1 10 11 12 13 15 16 19 2 5 8 9 9 9 9 9 9 9 9
0 1 10 11 12 14 15 16 19 5 6 7 8 9 9 9 9 9 9 9
0 1 10 11 12 13 14 16 19 2 3 6 8 9 9 9 9 9 9 9
0 1 10 11 13 14 16 19 2 3 6 8 9 9 9 9 9 9 9 9
0 1 10 11 12 13 15 16 19 2 3 6 8 9 9 9 9 9 9 9
0 1 10 11 12 15 16 18 19 4 6 8 9 9 9 9 9 9 9 9
0 1 10 11 12 13 14 16 19 2 6 8 9 9 9 9 9 9 9 9
0 1 10 11 12 13 14 16 19 2 3 6 8 9 9 9 9 9 9 9
0 1 10 11 12 13 14 16 19 2 5 6 8 9 9 9 9 9 9 9
0 1 10 11 12 13 14 16 2 4 6 8 9 9 9 9 9 9 9 9
0 1 10 11 13 14 16 19 2 5 6 9 9 9 9 9 9 9 9 9
0 1 10 11 13 14 15 16 2 5 6 8 9 9 9 9 9 9 9 9
0 1 10 12 13 15 16 19 2 3 4 5 8 9 9 9 9 9 9 9
0 1 10 11 12 13 16 19 2 3 6 8 9 9 9 9 9 9 9 9
0 1 10 11 12 13 14 16 19 2 4 8 9 9 9 9 9 9 9 9
0 1 10 11 12 13 14 16 19 2 4 8 9 9 9 9 9 9 9 9
0 1 10 11 13 14 16 19 2 3 6 8 9 9 9 9 9 9 9 9
0 1 10 11 12 13 14 16 19 2 4 5 8 9 9 9 9 9 9 9
0 1 10 12 13 14 15 18 19 2 3 5 6 9 9 9 9 9 9 9
0 1 10 11 12 13 14 16 19 2 3 6 8 9 9 9 9 9 9 9
0 1 10 11 12 13 14 16 19 4 5 8 9 9 9 9 9 9 9 9
0 1 10 11 13 14 15 16 19 2 5 8 9 9 9 9 9 9 9 9
0 1 10 11 12 13 15 16 19 2 6 8 9 9 9 9 9 9 9 9
0 1 10 11 13 14 15 16 19 2 5 8 9 9 9 9 9 9 9 9
0 1 10 11 13 14 16 19 2 5 6 9 9 9 9 9 9 9 9 9
0 1 10 12 13 14 16 19 2 3 5 6 7 8 9 9 9 9 9 9
0 1 10 12 13 14 15 18 19 3 4 5 8 9 9 9 9 9 9 9
0 1 10 11 12 13 16 19 2 3 4 8 9 9 9 9 9 9 9 9
0 1 10 11 12 13 14 19 2 3 6 8 9 9 9 9 9 9 9 9
0 1 10 11 12 13 14 19 2 3 6 8 9 9 9 9 9 9 9 9
0 1 10 11 12 13 14 16 19 2 6 8 9 9 9 9 9 9 9 9
0 1 10 11 12 13 14 19 2 3 4 8 9 9 9 9 9 9 9 9
0 1 10 12 13 15 17 18 19 2 3 5 8 9 9 9 9 9 9 9
0 1 10 11 12 13 14 19 2 4 5 8 9 9 9 9 9 9 9 9
0 1 10 11 12 13 16 19 2 4 5 8 9 9 9 9 9 9 9 9
0 1 10 11 13 14 16 17 19 2 5 8 9 9 9 9 9 9 9 9
0 1 10 11 12 13 14 16 19 2 5 6 8 9 9 9 9 9 9 9
0 1 10 12 13 14 15 18 19 3 4 5 8 9 9 9 9 9 9 9
0 1 10 11 12 14 15 19 2 5 6 8 9 9 9 9 9 9 9 9
0 1 10 11 12 14 15 16 19 4 6 8 9 9 9 9 9 9 9 9
0 1 10 11 12 13 14 16 19 3 4 6 8 9 9 9 9 9 9 9
0 1 10 11 13 14 15 16 19 3 5 8 9 9 9 9 9 9 9 9
0 1 10 11 12 13 14 19 2 3 6 8 9 9 9 9 9 9 9 9
0 1 10 11 12 13 16 19 2 4 5 8 9 9 9 9 9 9 9 9
0 1 10 11 13 14 16 19 2 5 6 8 9 9 9 9 9 9 9 9
0 1 10 11 13 14 16 19 2 3 6 8 9 9 9 9 9 9 9 9
0 1 10 11 13 14 16 19 2 5 6 9 9 9 9 9 9 9 9 9
0 1 10 12 13 15 16 19 2 3 4 5 8 9 9 9 9 9 9 9
0 1 10 12 13 14 16 19 2 3 4 6 7 9 9 9 9 9 9 9
0 1 10 11 13 14 16 19 2 3 6 8 9 9 9 9 9 9 9 9
0 1 10 11 13 15 16 19 2 5 8 9 9 9 9 9 9 9 9 9
0 1 10 11 12 14 15 19 19 3 4 8 9 9 9 9 9 9 9 9
0 1 10 11 12 13 14 19 2 3 4 6 8 9 9 9 9 9 9 9
0 1 10 11 12 13 14 16 19 2 6 7 9 9 9 9 9 9 9 9
0 1 10 11 13 14 15 16 19 2 3 8 9 9 9 9 9 9 9 9
0 1 10 11 12 13 14 16 19 2 6 8 9 9 9 9 9 9 9 9
0 1 10 11 12 13 14 16 19 2 3 6 8 9 9 9 9 9 9 9
0 1 10 11 12 13 14 19 2 3 4 6 8 9 9 9 9 9 9 9
0 1 10 11 12 13 16 19 2 4 5 8 9 9 9 9 9 9 9 9
0 1 10 11 12 13 16 19 2 4 5 8 9 9 9 9 9 9 9 9
0 1 10 11 12 14 15 19 19 3 6 8 9 9 9 9 9 9 9 9
0 1 10 11 13 14 16 19 2 5 6 8 9 9 9 9 9 9 9 9
0 1 10 11 12 13 16 19 2 4 5 8 9 9 9 9 9 9 9 9
0 1 10 11 12 14 15 16 19 4 5 6 8 9 9 9 9 9 9 9
0 1 10 11 12 13 15 16 19 2 3 8 9 9 9 9 9 9 9 9
0 1 10 11 12 13 14 16 19 2 4 6 8 9 9 9 9 9 9 9
0 1 10 11 12 13 14 15 19 2 3 8 9 9 9 9 9 9 9 9
0 1 10 11 12 13 14 16 19 2 6 8 9 9 9 9 9 9 9 9
0 1 10 11 12 13 14 16 19 4 5 8 9 9 9 9 9 9 9 9
0 1 10 11 13 14 16 19 2 3 6 8 9 9 9 9 9 9 9 9
0 1 10 11 12 13 16 19 2 4 5 8 9 9 9 9 9 9 9 9
0 1 10 11 12 13 14 16 2 4 5 6 8 9 9 9 9 9 9 9
0 1 10 11 13 14 15 16 19 2 6 8 9 9 9 9 9 9 9 9
0 1 10 11 13 14 16 19 2 3 6 8 9 9 9 9 9 9 9 9
0 1 10 11 12 13 14 16 19 2 5 6 8 9 9 9 9 9 9 9
0 1 10 12 13 15 18 19 2 3 4 5 8 9 9 9 9 9 9 9
0 1 10 11 12 13 16 19 2 4 5 8 9 9 9 9 9 9 9 9
0 1 10 11 12 14 15 16 19 4 5 8 9 9 9 9 9 9 9 9
0 1 10 11 13 14 16 19 2 5 6 9 9 9 9 9 9 9 9 9
0 1 10 11 12 13 16 19 2 3 4 8 9 9 9 9 9 9 9 9
0 1 10 11 13 14 16 19 2 3 6 8 9 9 9 9 9 9 9 9
0 1 10 11 13 14 16 19 2 5 6 9 9 9 9 9 9 9 9 9
0 1 10 11 12 13 15 16 19 4 5 8 9 9 9 9 9 9 9 9
0 1 10 11 12 13 14 16 19 4 5 8 9 9 9 9 9 9 9 9
0 1 10 11 12 13 16 19 2 4 5 8 9 9 9 9 9 9 9 9
0 1 10 12 13 15 16 17 18 19 2 5 8 9 9 9 9 9 9 9
0 1 10 11 13 14 16 19 2 3 6 8 9 9 9 9 9 9 9 9
0 1 10 11 13 15 16 17 19 2 5 8 9 9 9 9 9 9 9 9
0 1 10 11 12 13 14 16 19 3 4 6 8 9 9 9 9 9 9 9
0 1 10 11 12 13 16 19 2 4 5 8 9 9 9 9 9 9 9 9
0 1 10 11 12 13 15 16 19 2 3 8 9 9 9 9 9 9 9 9
0 1 10 11 13 14 16 19 2 5 6 9 9 9 9 9 9 9 9 9
0 1 10 11 13 14 15 16 19 2 5 8 9 9 9 9 9 9 9 9
0 1 10 11 12 14 15 16 19 5 6 7 8 9 9 9 9 9 9 9
0 1 10 11 12 13 14 16 19 4 5 6 8 9 9 9 9 9 9 9
0 1 10 11 13 14 16 17 19 2 3 6 8 9 9 9 9 9 9 9
0 1 10 12 13 14 15 18 19 2 3 5 6 9 9 9 9 9 9 9
0 1 10 11 13 14 16 19 2 3 6 8 9 9 9 9 9 9 9 9
0 1 10 11 12 13 14 16 19 2 6 8 9 9 9 9 9 9 9 9
0 1 10 11 12 13 14 16 19 2 3 6 8 9 9 9 9 9 9 9
0 1 10 11 12 13 16 19 2 4 5 8 9 9 9 9 9 9 9 9
0 1 10 12 13 15 16 19 2 4 5 6 8 9 9 9 9 9 9 9
0 1 10 11 12 13 15 16 19 2 5 6 8 9 9 9 9 9 9 9
0 1 10 11 12 13 14 19 2 4 5 8 9 9 9 9 9 9 9 9
0 1 10 11 12 13 14 19 2 3 4 8 9 9 9 9 9 9 9 9
0 1 10 11 12 13 16 19 2 4 5 8 9 9 9 9 9 9 9 9
0 1 10 12 13 14 15 18 19 3 4 5 8 9 9 9 9 9 9 9
0 1 10 11 12 13 14 16 19 2 5 6 9 9 9 9 9 9 9 9
0 1 10 11 12 13 14 19 2 4 6 8 9 9 9 9 9 9 9 9
0 1 10 11 13 14 16 19 2 3 6 8 9 9 9 9 9 9 9 9
0 1 10 11 12 13 14 16 19 2 6 7 9 9 9 9 9 9 9 9
0 1 10 11 13 14 16 19 2 3 6 8 9 9 9 9 9 9 9 9
0 1 10 11 12 13 14 16 19 2 6 8 9 9 9 9 9 9 9 9
0 1 10 11 12 13 15 19 2 4 8 9 9 9 9 9 9 9 9 9
0 1 10 11 12 13 15 16 19 2 3 6 8 9 9 9 9 9 9 9
0 1 10 11 12 15 16 19 2 5 6 8 9 9 9 9 9 9 9 9
0 1 10 11 12 13 14 15 19 2 5 8 9 9 9 9 9 9 9 9
0 1 10 11 13 14 15 16 19 2 3 8 9 9 9 9 9 9 9 9
0 1 10 11 12 13 16 19 2 4 5 8 9 9 9 9 9 9 9 9
0 1 10 12 13 14 16 19 2 3 5 6 7 9 9 9 9 9 9 9
0 1 10 11 12 13 16 19 2 3 6 7 8 9 9 9 9 9 9 9
0 1 10 11 12 13 14 19 2 3 4 8 9 9 9 9 9 9 9 9
0 1 10 11 13 14 16 17 19 2 5 8 9 9 9 9 9 9 9 9
0 1 10 11 12 13 14 16 2 4 5 6 9 9 9 9 9 9 9 9
0 1 10 11 12 13 14 16 19 2 6 8 9 9 9 9 9 9 9 9
0 1 10 11 13 14 16 19 2 3 6 8 9 9 9 9 9 9 9 9
0 1 10 11 12 13 14 19 2 3 4 8 9 9 9 9 9 9 9 9
0 1 10 11 12 13 14 16 19 2 6 8 9 9 9 9 9 9 9 9
0 1 10 11 12 15 16 19 2 4 5 8 9 9 9 9 9 9 9 9
0 1 10 11 13 14 16 19 2 5 6 8 9 9 9 9 9 9 9 9
0 1 10 11 12 13 14 16 19 2 6 8 9 9 9 9 9 9 9 9
0 1 10 11 12 13 14 16 19 2 3 6 8 9 9 9 9 9 9 9
0 1 10 11 13 14 16 19 2 5 6 8 9 9 9 9 9 9 9 9
0 1 10 11 13 14 16 19 2 3 5 8 9 9 9 9 9 9 9 9
0 1 10 11 12 13 14 19 2 3 4 8 9 9 9 9 9 9 9 9
0 1 10 11 12 15 16 19 2 4 5 8 9 9 9 9 9 9 9 9
0 1 10 11 12 13 14 16 2 4 6 8 9 9 9 9 9 9 9 9
0 1 10 11 13 14 15 16 19 2 5 8 9 9 9 9 9 9 9 9
0 1 10 11 12 13 14 16 19 4 5 8 9 9 9 9 9 9 9 9
0 1 10 11 13 14 16 19 2 5 6 9 9 9 9 9 9 9 9 9
0 1 10 11 13 14 15 16 19 2 5 8 9 9 9 9 9 9 9 9
0 1 10 11 12 13 16 19 2 4 5 8 9 9 9 9 9 9 9 9
0 1 10 11 12 13 16 19 2 4 5 8 9 9 9 9 9 9 9 9
0 1 10 11 12 14 15 19 19 2 5 8 9 9 9 9 9 9 9 9
0 1 10 11 12 13 14 16 19 4 5 8 9 9 9 9 9 9 9 9
0 1 10 12 13 14 15 19 2 3 5 6 8 9 9 9 9 9 9 9
0 1 10 11 13 14 16 19 2 3 6 8 9 9 9 9 9 9 9 9
0 1 10 11 12 13 14 16 19 2 5 6 8 9 9 9 9 9 9 9
0 1 10 11 12 13 14 19 2 4 5 8 9 9 9 9 9 9 9 9
0 1 10 11 13 14 16 19 2 3 6 8 9 9 9 9 9 9 9 9
0 1 10 11 12 13 15 19 2 3 4 8 9 9 9 9 9 9 9 9
0 1 10 11 13 14 16 19 2 3 6 8 9 9 9 9 9 9 9 9
0 1 10 11 12 13 14 19 2 3 6 8 9 9 9 9 9 9 9 9
0 1 10 11 12 13 14 16 19 2 4 8 9 9 9 9 9 9 9 9
0 1 10 11 13 14 16 19 2 3 6 8 9 9 9 9 9 9 9 9
0 1 10 11 12 13 14 16 19 3 4 6 8 9 9 9 9 9 9 9
0 1 10 11 13 14 16 19 2 3 6 8 9 9 9 9 9 9 9 9
0 1 10 11 13 14 16 19 2 3 5 8 9 9 9 9 9 9 9 9
0 1 10 12 13 14 15 18 19 2 3 5 8 9 9 9 9 9 9 9
0 1 10 11 12 13 14 16 19 2 3 6 8 9 9 9 9 9 9 9
0 1 10 11 12 13 14 16 19 2 3 6 8 9 9 9 9 9 9 9
0 1 10 11 13 14 16 19 2 5 6 9 9 9 9 9 9 9 9 9
0 1 10 11 12 13 14 16 19 2 5 6 9 9 9 9 9 9 9 9
0 1 10 11 12 13 14 16 19 4 5 8 9 9 9 9 9 9 9 9
0 1 10 11 12 13 14 19 2 3 6 8 9 9 9 9 9 9 9 9
0 1 10 11 12 13 14 16 19 2 6 7 8 9 9 9 9 9 9 9
0 1 10 11 13 15 16 19 2 3 5 8 9 9 9 9 9 9 9 9
0 1 10 11 12 13 16 19 2 4 5 8 9 9 9 9 9 9 9 9
0 1 10 11 12 13 14 19 2 4 5 8 9 9 9 9 9 9 9 9
0 1 10 11 12 13 14 16 19 2 5 6 8 9 9 9 9 9 9 9
0 1 10 11 13 14 15 16 19 2 5 8 9 9 9 9 9 9 9 9
0 1 10 11 12 13 14 16 19 2 4 5 8 9 9 9 9 9 9 9
0 1 10 11 12 13 15 16 19 2 4 8 9 9 9 9 9 9 9 9
0 1 10 12 13 15 16 17 19 2 3 5 6 8 9 9 9 9 9 9
0 1 10 12 13 14 15 18 19 2 3 6 7 8 9 9 9 9 9 9
0 1 10 11 12 13 16 19 2 4 5 8 9 9 9 9 9 9 9 9
0 1 10 11 12 13 14 19 2 3 6 8 9 9 9 9 9 9 9 9
0 1 10 12 13 14 16 17 19 3 4 5 8 9 9 9 9 9 9 9
0 1 10 11 12 13 14 16 19 2 4 6 9 9 9 9 9 9 9 9
0 1 10 11 12 13 14 16 2 4 5 6 9 9 9 9 9 9 9 9
0 1 10 11 12 13 16 19 2 4 5 8 9 9 9 9 9 9 9 9
0 1 10 11 12 13 14 16 19 2 4 6 9 9 9 9 9 9 9 9
0 1 10 11 12 13 15 16 19 2 6 8 9 9 9 9 9 9 9 9
0 1 10 11 12 13 14 16 19 2 4 6 8 9 9 9 9 9 9 9
0 1 10 11 12 13 14 16 19 2 4 6 8 9 9 9 9 9 9 9
0 1 10 11 12 13 16 19 2 4 5 8 9 9 9 9 9 9 9 9
0 1 10 11 12 13 16 19 2 4 5 8 9 9 9 9 9 9 9 9
0 1 10 11 12 13 15 16 19 2 4 8 9 9 9 9 9 9 9 9
0 1 10 11 12 13 14 16 19 2 6 8 9 9 9 9 9 9 9 9
0 1 10 11 12 13 16 19 2 4 6 8 9 9 9 9 9 9 9 9
0 1 10 11 13 14 16 19 2 3 6 8 9 9 9 9 9 9 9 9
0 1 10 11 13 14 15 16 19 2 3 8 9 9 9 9 9 9 9 9
0 1 10 11 12 13 15 16 19 2 3 8 9 9 9 9 9 9 9 9
0 1 10 11 12 13 14 16 19 2 5 6 9 9 9 9 9 9 9 9
0 1 10 11 13 14 15 16 19 2 5 8 9 9 9 9 9 9 9 9
0 1 10 11 12 13 14 16 19 2 6 8 9 9 9 9 9 9 9 9
0 1 10 11 12 13 14 19 2 4 5 8 9 9 9 9 9 9 9 9
0 1 10 11 13 14 16 19 2 3 6 8 9 9 9 9 9 9 9 9
0 1 10 11 13 14 16 19 2 3 6 8 9 9 9 9 9 9 9 9
0 1 10 11 13 14 16 19 2 5 6 8 9 9 9 9 9 9 9 9
0 1 10 11 12 13 14 19 2 3 4 8 9 9 9 9 9 9 9 9
0 1 10 11 13 14 16 17 19 2 5 8 9 9 9 9 9 9 9 9
0 1 10 11 12 13 14 16 19 2 4 5 8 9 9 9 9 9 9 9
0 1 10 11 12 13 14 16 19 4 5 8 9 9 9 9 9 9 9 9
0 1 10 12 13 14 15 19 2 3 5 6 8 9 9 9 9 9 9 9
0 1 10 11 12 13 14 16 19 2 4 8 9 9 9 9 9 9 9 9
0 1 10 11 13 14 16 19 2 3 6 8 9 9 9 9 9 9 9 9
0 1 10 11 12 13 14 19 2 3 6 8 9 9 9 9 9 9 9 9
0 1 10 12 13 14 16 19 2 3 5 6 7 9 9 9 9 9 9 9
0 1 10 11 12 13 16 19 2 3 4 8 9 9 9 9 9 9 9 9
0 1 10 11 12 13 14 16 19 2 3 6 7 9 9 9 9 9 9 9
0 1 10 11 13 15 16 19 2 3 6 8 9 9 9 9 9 9 9 9
0 1 10 11 12 13 14 16 19 2 4 5 8 9 9 9 9 9 9 9
0 1 10 11 12 13 14 19 2 3 4 8 9 9 9 9 9 9 9 9
0 1 10 11 12 13 15 16 19 2 3 8 9 9 9 9 9 9 9 9
0 1 10 11 13 14 15 16 19 3 6 8 9 9 9 9 9 9 9 9
0 1 10 12 13 14 15 18 19 2 3 6 8 9 9 9 9 9 9 9
0 1 10 11 12 13 14 16 19 2 6 8 9 9 9 9 9 9 9 9
0 1 10 11 12 13 14 19 2 3 4 8 9 9 9 9 9 9 9 9
0 1 10 11 12 13 16 19 2 4 5 6 8 9 9 9 9 9 9 9
0 1 10 11 12 13 16 19 2 4 5 8 9 9 9 9 9 9 9 9
0 1 10 11 12 13 14 19 2 3 6 8 9 9 9 9 9 9 9 9
0 1 10 11 12 13 14 19 2 4 5 8 9 9 9 9 9 9 9 9
0 1 10 11 12 13 14 16 19 2 6 8 9 9 9 9 9 9 9 9
0 1 10 11 12 13 14 16 19 2 5 6 9 9 9 9 9 9 9 9
0 1 10 11 13 15 16 19 2 3 6 8 9 9 9 9 9 9 9 9
0 1 10 12 13 14 16 17 19 3 4 5 8 9 9 9 9 9 9 9
0 1 10 11 12 13 16 19 2 4 5 8 9 9 9 9 9 9 9 9
0 1 10 11 12 13 14 16 19 2 4 8 9 9 9 9 9 9 9 9
0 1 10 11 12 13 14 16 19 2 6 8 9 9 9 9 9 9 9 9
0 1 10 11 12 13 16 19 2 4 5 8 9 9 9 9 9 9 9 9
0 1 10 11 12 13 14 16 19 2 3 6 8 9 9 9 9 9 9 9
0 1 10 11 13 14 16 19 2 5 6 8 9 9 9 9 9 9 9 9
0 1 10 11 12 15 16 19 2 4 5 8 9 9 9 9 9 9 9 9
0 1 10 11 12 14 15 16 19 4 5 8 9 9 9 9 9 9 9 9
0 1 10 11 13 14 15 16 2 5 6 9 9 9 9 9 9 9 9 9
0 1 10 11 12 13 14 16 19 4 5 8 9 9 9 9 9 9 9 9
0 1 10 11 13 14 15 16 19 3 5 8 9 9 9 9 9 9 9 9
0 1 10 11 12 13 14 16 19 2 5 8 9 9 9 9 9 9 9 9
0 1 10 12 13 14 17 19 2 3 5 6 8 9 9 9 9 9 9 9
0 1 10 11 13 14 16 19 2 3 6 8 9 9 9 9 9 9 9 9
0 1 10 12 13 14 17 19 2 3 5 6 8 9 9 9 9 9 9 9
0 1 10 11 12 13 15 16 19 2 3 8 9 9 9 9 9 9 9 9
0 1 10 11 12 13 16 19 2 4 5 8 9 9 9 9 9 9 9 9
0 1 10 11 12 13 14 16 19 2 6 8 9 9 9 9 9 9 9 9
0 1 10 11 13 14 15 16 19 2 5 8 9 9 9 9 9 9 9 9
0 1 10 11 13 14 16 19 2 5 6 8 9 9 9 9 9 9 9 9
0 1 10 11 12 13 14 16 19 4 5 8 9 9 9 9 9 9 9 9
0 1 10 11 12 13 14 15 19 2 3 6 8 9 9 9 9 9 9 9
0 1 10 11 12 13 14 19 2 3 4 8 9 9 9 9 9 9 9 9
0 1 10 11 13 14 16 19 2 5 6 9 9 9 9 9 9 9 9 9
0 1 10 11 12 13 14 16 19 2 3 6 7 9 9 9 9 9 9 9
0 1 10 11 12 13 14 19 2 3 6 7 8 9 9 9 9 9 9 9
0 1 10 11 13 14 16 17 19 2 5 6 9 9 9 9 9 9 9 9
0 1 10 11 12 13 14 19 2 3 4 8 9 9 9 9 9 9 9 9
0 1 10 11 12 13 14 16 19 2 6 8 9 9 9 9 9 9 9 9
0 1 10 11 12 13 14 16 19 2 5 8 9 9 9 9 9 9 9 9
0 1 10 11 12 14 15 16 19 4 5 6 8 9 9 9 9 9 9 9
0 1 10 11 13 14 16 19 2 3 6 8 9 9 9 9 9 9 9 9
0 1 10 11 13 14 16 19 2 5 6 8 9 9 9 9 9 9 9 9
0 1 10 11 12 13 14 16 19 2 6 8 9 9 9 9 9 9 9 9
0 1 10 11 13 14 16 19 2 3 6 8 9 9 9 9 9 9 9 9
0 1 10 11 12 13 14 16 19 2 4 5 8 9 9 9 9 9 9 9
0 1 10 11 12 13 16 19 2 4 5 8 9 9 9 9 9 9 9 9
0 1 10 11 12 13 14 16 19 2 6 8 9 9 9 9 9 9 9 9
0 1 10 11 12 13 14 16 2 4 6 8 9 9 9 9 9 9 9 9
0 1 10 11 13 14 15 16 17 2 5 6 9 9 9 9 9 9 9 9
0 1 10 11 13 14 15 16 2 3 6 8 9 9 9 9 9 9 9 9
0 1 10 11 12 13 14 16 19 2 6 8 9 9 9 9 9 9 9 9
0 1 10 11 12 13 14 16 19 2 5 6 8 9 9 9 9 9 9 9
0 1 10 11 13 14 16 19 2 3 6 8 9 9 9 9 9 9 9 9
0 1 10 11 12 13 16 19 2 4 5 8 9 9 9 9 9 9 9 9
0 1 10 11 13 14 16 17 19 2 6 8 9 9 9 9 9 9 9 9
0 1 10 11 12 13 14 16 2 4 5 6 8 9 9 9 9 9 9 9
0 1 10 11 12 13 14 16 19 3 6 7 8 9 9 9 9 9 9 9
0 1 10 11 12 13 14 16 19 2 6 8 9 9 9 9 9 9 9 9
0 1 10 11 12 13 14 16 19 2 5 8 9 9 9 9 9 9 9 9
0 1 10 11 13 14 16 19 2 3 6 8 9 9 9 9 9 9 9 9
0 1 10 11 12 13 14 16 19 2 4 5 8 9 9 9 9 9 9 9
0 1 10 12 13 14 16 19 2 3 4 5 8 9 9 9 9 9 9 9
0 1 10 11 12 14 15 19 19 3 4 8 9 9 9 9 9 9 9 9
0 1 10 11 12 13 14 19 2 3 6 8 9 9 9 9 9 9 9 9
0 1 10 11 12 13 14 19 2 3 4 8 9 9 9 9 9 9 9 9
0 1 10 11 12 13 14 19 2 3 6 7 8 9 9 9 9 9 9 9
0 1 10 12 13 14 15 18 19 2 3 4 5 8 9 9 9 9 9 9
0 1 10 11 12 13 14 15 19 2 3 6 8 9 9 9 9 9 9 9
0 1 10 11 12 13 16 19 2 4 6 8 9 9 9 9 9 9 9 9
0 1 10 11 12 13 16 19 2 4 5 8 9 9 9 9 9 9 9 9
0 1 10 12 13 14 16 19 2 3 5 6 7 9 9 9 9 9 9 9
0 1 10 11 12 13 14 16 19 3 4 6 8 9 9 9 9 9 9 9
0 1 10 11 12 13 14 16 19 3 4 6 8 9 9 9 9 9 9 9
0 1 10 11 12 14 15 19 19 2 5 8 9 9 9 9 9 9 9 9
0 1 10 11 12 13 14 16 19 2 6 8 9 9 9 9 9 9 9 9
0 1 10 11 12 13 14 19 2 3 6 7 8 9 9 9 9 9 9 9
0 1 10 11 12 13 16 19 2 4 5 8 9 9 9 9 9 9 9 9
0 1 10 11 12 13 16 19 2 4 5 8 9 9 9 9 9 9 9 9
0 1 10 11 13 14 15 16 19 2 3 8 9 9 9 9 9 9 9 9
0 1 10 12 13 14 16 19 2 3 5 6 7 9 9 9 9 9 9 9
0 1 10 11 12 13 14 16 19 2 4 6 8 9 9 9 9 9 9 9
0 1 10 11 13 14 16 19 2 3 6 7 8 9 9 9 9 9 9 9
0 1 10 11 12 14 15 19 19 5 6 8 9 9 9 9 9 9 9 9
0 1 10 12 13 15 16 19 2 3 4 6 8 9 9 9 9 9 9 9
0 1 10 11 12 13 14 16 19 2 6 8 9 9 9 9 9 9 9 9
0 1 10 11 12 13 14 16 19 4 5 8 9 9 9 9 9 9 9 9
0 1 10 11 12 13 14 16 2 4 6 8 9 9 9 9 9 9 9 9
0 1 10 11 13 14 15 16 19 3 5 8 9 9 9 9 9 9 9 9
0 1 10 11 12 13 16 19 2 4 5 8 9 9 9 9 9 9 9 9
0 1 10 11 12 13 16 19 2 4 5 8 9 9 9 9 9 9 9 9
0 1 10 11 12 13 14 16 19 2 3 6 8 9 9 9 9 9 9 9
0 1 10 11 12 14 15 16 19 4 5 6 8 9 9 9 9 9 9 9
0 1 10 11 12 14 15 19 19 2 6 8 9 9 9 9 9 9 9 9
0 1 10 11 12 13 14 16 2 3 6 7 8 9 9 9 9 9 9 9
0 1 10 11 12 13 14 19 2 3 4 6 8 9 9 9 9 9 9 9
0 1 10 12 13 15 16 18 19 2 3 6 7 8 9 9 9 9 9 9
0 1 10 11 12 13 14 19 2 3 6 7 8 9 9 9 9 9 9 9
0 1 10 11 12 13 15 16 19 2 5 8 9 9 9 9 9 9 9 9
0 1 10 11 13 15 16 19 2 5 8 9 9 9 9 9 9 9 9 9
0 1 10 11 12 13 14 16 19 2 4 8 9 9 9 9 9 9 9 9
0 1 10 12 13 14 15 17 19 3 5 6 8 9 9 9 9 9 9 9
0 1 10 11 12 13 14 19 2 3 4 8 9 9 9 9 9 9 9 9
0 1 10 11 12 13 14 19 2 3 6 8 9 9 9 9 9 9 9 9
0 1 10 11 12 14 15 16 19 4 5 8 9 9 9 9 9 9 9 9
0 1 10 11 13 14 15 16 19 2 5 8 9 9 9 9 9 9 9 9
0 1 10 11 12 13 14 19 2 4 5 8 9 9 9 9 9 9 9 9
0 1 10 11 12 13 14 16 19 3 4 6 8 9 9 9 9 9 9 9
0 1 10 11 12 13 14 16 19 4 5 8 9 9 9 9 9 9 9 9
0 1 10 12 13 14 15 18 19 2 3 5 6 8 9 9 9 9 9 9
0 1 10 11 12 14 15 16 19 4 5 8 9 9 9 9 9 9 9 9
0 1 10 11 12 13 14 16 19 4 5 8 9 9 9 9 9 9 9 9
0 1 10 12 13 14 15 18 19 2 3 5 6 9 9 9 9 9 9 9
0 1 10 11 12 13 16 19 2 4 5 8 9 9 9 9 9 9 9 9
0 1 10 12 13 15 16 18 19 3 4 5 7 8 9 9 9 9 9 9
0 1 10 11 12 13 14 16 19 2 4 6 8 9 9 9 9 9 9 9
0 1 10 11 13 14 16 19 2 3 6 8 9 9 9 9 9 9 9 9
0 1 10 12 13 14 16 19 2 3 6 7 8 9 9 9 9 9 9 9
0 1 10 12 13 14 16 19 2 3 5 6 7 9 9 9 9 9 9 9
0 1 10 11 13 14 16 19 2 5 6 9 9 9 9 9 9 9 9 9
0 1 10 12 13 14 15 18 19 2 3 4 6 8 9 9 9 9 9 9
0 1 10 11 12 13 14 16 19 2 6 8 9 9 9 9 9 9 9 9
0 1 10 11 13 14 15 16 17 2 3 6 8 9 9 9 9 9 9 9
0 1 10 11 12 13 14 16 19 2 4 6 8 9 9 9 9 9 9 9
0 1 10 11 12 13 14 16 2 4 6 7 9 9 9 9 9 9 9 9
0 1 10 11 13 14 16 19 2 5 6 8 9 9 9 9 9 9 9 9
0 1 10 11 12 13 14 16 19 2 3 6 8 9 9 9 9 9 9 9
0 1 10 11 13 14 16 19 2 3 6 8 9 9 9 9 9 9 9 9
0 1 10 11 12 14 15 19 19 2 6 8 9 9 9 9 9 9 9 9
0 1 10 11 13 14 16 19 2 3 5 6 8 9 9 9 9 9 9 9
0 1 10 11 12 13 16 19 2 4 5 8 9 9 9 9 9 9 9 9
0 1 10 11 12 13 16 19 2 4 5 8 9 9 9 9 9 9 9 9
0 1 10 11 13 14 16 17 19 2 6 8 9 9 9 9 9 9 9 9
0 1 10 11 12 13 14 19 2 3 4 6 8 9 9 9 9 9 9 9
0 1 10 11 12 13 16 19 2 4 5 8 9 9 9 9 9 9 9 9
0 1 10 11 13 14 15 16 2 3 6 8 9 9 9 9 9 9 9 9
0 1 10 11 12 13 14 16 19 3 4 7 8 9 9 9 9 9 9 9
0 1 10 11 13 14 16 19 2 3 6 8 9 9 9 9 9 9 9 9
0 1 10 11 12 13 16 19 2 4 5 8 9 9 9 9 9 9 9 9
0 1 10 11 12 13 16 19 2 4 5 8 9 9 9 9 9 9 9 9
0 1 10 11 12 14 15 19 19 2 6 8 9 9 9 9 9 9 9 9
0 1 10 11 12 13 14 16 19 2 6 8 9 9 9 9 9 9 9 9
0 1 10 11 12 13 14 16 19 3 4 6 8 9 9 9 9 9 9 9
0 1 10 11 12 13 14 16 19 4 5 8 9 9 9 9 9 9 9 9
0 1 10 11 12 13 16 19 2 4 5 8 9 9 9 9 9 9 9 9
0 1 10 11 13 14 16 19 2 5 6 8 9 9 9 9 9 9 9 9
0 1 10 12 13 14 16 17 19 3 4 5 8 9 9 9 9 9 9 9
0 1 10 11 12 13 16 19 2 4 5 8 9 9 9 9 9 9 9 9
0 1 10 12 13 14 15 19 2 3 5 6 8 9 9 9 9 9 9 9
0 1 10 11 12 13 14 16 19 2 6 8 9 9 9 9 9 9 9 9
0 1 10 11 13 14 16 17 19 2 5 8 9 9 9 9 9 9 9 9
0 1 10 11 12 13 14 19 2 3 6 8 9 9 9 9 9 9 9 9
0 1 10 11 12 13 14 16 2 3 6 7 8 9 9 9 9 9 9 9
0 1 10 11 13 14 15 16 19 2 5 8 9 9 9 9 9 9 9 9
0 1 10 11 12 13 14 16 19 4 5 6 9 9 9 9 9 9 9 9
0 1 10 11 12 13 14 16 19 2 3 6 8 9 9 9 9 9 9 9
0 1 10 11 12 13 16 19 2 3 4 6 8 9 9 9 9 9 9 9
0 1 10 11 12 13 14 16 19 2 5 6 8 9 9 9 9 9 9 9
0 1 10 11 12 13 16 19 2 4 5 8 9 9 9 9 9 9 9 9
0 1 10 11 12 13 16 19 2 4 5 8 9 9 9 9 9 9 9 9
0 1 10 11 13 14 16 19 2 3 6 8 9 9 9 9 9 9 9 9
0 1 10 11 12 13 16 19 2 4 5 8 9 9 9 9 9 9 9 9
0 1 10 11 12 13 14 16 19 2 4 6 8 9 9 9 9 9 9 9
0 1 10 11 13 14 16 19 2 3 6 8 9 9 9 9 9 9 9 9
0 1 10 11 12 13 16 19 2 4 5 8 9 9 9 9 9 9 9 9
0 1 10 11 12 13 14 16 19 2 4 6 8 9 9 9 9 9 9 9
0 1 10 11 12 13 14 16 19 2 4 5 9 9 9 9 9 9 9 9
0 1 10 11 13 14 16 19 2 3 6 8 9 9 9 9 9 9 9 9
0 1 10 12 13 14 16 17 19 3 4 5 8 9 9 9 9 9 9 9
0 1 10 11 13 14 16 19 2 3 6 8 9 9 9 9 9 9 9 9
0 1 10 11 12 13 14 19 2 4 5 8 9 9 9 9 9 9 9 9
0 1 10 12 13 14 15 18 19 2 3 6 8 9 9 9 9 9 9 9
0 1 10 11 12 13 16 19 2 4 6 8 9 9 9 9 9 9 9 9
0 1 10 11 12 13 14 16 19 2 5 6 8 9 9 9 9 9 9 9
0 1 10 11 13 14 16 19 2 3 6 8 9 9 9 9 9 9 9 9
0 1 10 11 13 14 16 19 2 3 6 8 9 9 9 9 9 9 9 9
0 1 10 11 13 14 16 17 19 2 5 8 9 9 9 9 9 9 9 9
0 1 10 12 13 16 18 19 2 3 4 5 8 9 9 9 9 9 9 9
0 1 10 11 12 13 14 16 19 3 4 6 8 9 9 9 9 9 9 9
0 1 10 11 12 13 15 16 19 2 3 8 9 9 9 9 9 9 9 9
0 1 10 11 12 13 14 16 19 2 6 8 9 9 9 9 9 9 9 9
0 1 10 11 13 14 16 19 2 3 6 8 9 9 9 9 9 9 9 9
0 1 10 11 12 13 14 19 2 3 6 7 8 9 9 9 9 9 9 9
0 1 10 11 12 13 14 16 19 2 6 8 9 9 9 9 9 9 9 9
0 1 10 11 12 13 16 19 2 4 5 8 9 9 9 9 9 9 9 9
0 1 10 11 12 13 14 16 19 2 6 8 9 9 9 9 9 9 9 9
0 1 10 11 12 13 16 19 2 3 4 8 9 9 9 9 9 9 9 9
0 1 10 11 13 14 16 19 2 5 6 8 9 9 9 9 9 9 9 9
0 1 10 11 12 13 16 19 2 4 5 8 9 9 9 9 9 9 9 9
0 1 10 12 13 14 16 17 19 3 4 5 8 9 9 9 9 9 9 9
0 1 10 11 13 14 16 19 2 3 6 8 9 9 9 9 9 9 9 9
0 1 10 12 13 15 16 18 19 2 3 6 8 9 9 9 9 9 9 9
0 1 10 12 13 15 16 18 19 2 3 4 8 9 9 9 9 9 9 9
0 1 10 11 12 13 14 16 19 2 3 6 8 9 9 9 9 9 9 9
0 1 10 11 12 13 14 19 2 4 5 8 9 9 9 9 9 9 9 9
0 1 10 11 13 14 15 16 2 3 5 8 9 9 9 9 9 9 9 9
0 1 10 11 12 13 15 16 19 2 5 8 9 9 9 9 9 9 9 9
0 1 10 11 12 14 15 16 19 4 5 7 8 9 9 9 9 9 9 9
0 1 10 11 12 13 14 16 19 2 3 6 8 9 9 9 9 9 9 9
0 1 10 11 13 14 15 16 19 2 5 8 9 9 9 9 9 9 9 9
0 1 10 11 12 13 16 19 2 4 5 8 9 9 9 9 9 9 9 9
0 1 10 12 13 14 16 17 2 3 4 5 6 8 9 9 9 9 9 9
0 1 10 11 12 13 14 16 19 2 4 5 8 9 9 9 9 9 9 9
0 1 10 11 12 13 14 15 19 3 4 8 9 9 9 9 9 9 9 9
0 1 10 11 13 14 16 19 2 3 6 8 9 9 9 9 9 9 9 9
0 1 10 11 12 13 14 19 2 4 5 8 9 9 9 9 9 9 9 9
0 1 10 11 13 14 16 19 2 3 6 8 9 9 9 9 9 9 9 9
0 1 10 11 12 13 14 16 19 2 3 6 8 9 9 9 9 9 9 9
0 1 10 11 12 13 16 19 2 4 5 8 9 9 9 9 9 9 9 9
0 1 10 11 12 13 15 16 19 2 5 8 9 9 9 9 9 9 9 9
0 1 10 11 12 13 14 19 2 3 6 8 9 9 9 9 9 9 9 9
0 1 10 11 12 13 14 16 19 2 4 5 8 9 9 9 9 9 9 9
0 1 10 11 12 13 16 19 2 4 5 8 9 9 9 9 9 9 9 9
0 1 10 11 12 14 15 16 19 4 5 8 9 9 9 9 9 9 9 9
0 1 10 11 12 13 14 16 19 2 6 8 9 9 9 9 9 9 9 9
0 1 10 11 12 13 14 16 19 3 4 6 8 9 9 9 9 9 9 9
0 1 10 11 12 14 15 16 19 4 5 8 9 9 9 9 9 9 9 9
0 1 10 12 13 14 15 19 2 3 5 6 7 8 9 9 9 9 9 9
0 1 10 11 12 13 14 19 2 4 5 8 9 9 9 9 9 9 9 9
0 1 10 12 13 14 16 19 2 3 5 6 7 9 9 9 9 9 9 9
0 1 10 11 12 13 15 16 19 2 3 6 8 9 9 9 9 9 9 9
0 1 10 11 12 14 15 16 19 4 5 8 9 9 9 9 9 9 9 9
0 1 10 11 13 14 16 17 19 2 5 8 9 9 9 9 9 9 9 9
0 1 10 11 12 13 14 19 2 3 4 8 9 9 9 9 9 9 9 9
0 1 10 11 12 13 14 16 19 2 4 6 9 9 9 9 9 9 9 9
0 1 10 12 13 14 15 18 19 2 3 5 7 9 9 9 9 9 9 9
0 1 10 11 12 13 14 16 19 2 6 8 9 9 9 9 9 9 9 9
0 1 10 11 12 13 14 16 19 2 3 6 8 9 9 9 9 9 9 9
0 1 10 11 12 13 14 16 19 2 6 8 9 9 9 9 9 9 9 9
0 1 10 11 13 14 15 16 2 3 6 8 9 9 9 9 9 9 9 9
0 1 10 11 12 13 15 16 19 2 5 8 9 9 9 9 9 9 9 9
0 1 10 11 13 14 15 16 19 2 3 8 9 9 9 9 9 9 9 9
0 1 10 11 12 13 14 16 19 2 3 6 8 9 9 9 9 9 9 9
0 1 10 11 12 13 16 19 2 4 5 8 9 9 9 9 9 9 9 9
0 1 10 11 12 13 14 16 19 4 5 8 9 9 9 9 9 9 9 9
0 1 10 11 12 13 14 19 2 4 5 9 9 9 9 9 9 9 9 9
0 1 10 11 13 14 16 19 2 5 6 9 9 9 9 9 9 9 9 9
0 1 10 12 13 14 16 19 2 3 5 6 7 9 9 9 9 9 9 9
0 1 10 11 12 13 14 16 2 4 5 6 9 9 9 9 9 9 9 9
0 1 10 11 12 13 15 19 2 3 8 9 9 9 9 9 9 9 9 9
0 1 10 11 13 14 16 19 2 3 6 8 9 9 9 9 9 9 9 9
0 1 10 12 13 15 16 18 19 2 3 5 8 9 9 9 9 9 9 9
0 1 10 11 12 13 14 16 19 2 6 7 9 9 9 9 9 9 9 9
0 1 10 11 12 13 14 19 2 3 6 8 9 9 9 9 9 9 9 9
0 1 10 11 12 13 14 19 2 3 4 8 9 9 9 9 9 9 9 9
0 1 10 11 13 14 16 19 2 3 6 8 9 9 9 9 9 9 9 9
0 1 10 11 12 13 15 16 19 2 3 6 8 9 9 9 9 9 9 9
0 1 10 11 12 13 14 16 19 2 6 8 9 9 9 9 9 9 9 9
0 1 10 11 12 13 16 19 2 4 5 8 9 9 9 9 9 9 9 9
0 1 10 11 13 14 15 16 2 3 4 8 9 9 9 9 9 9 9 9
0 1 10 11 12 14 15 16 19 4 5 8 9 9 9 9 9 9 9 9
0 1 10 11 12 13 14 16 19 4 5 8 9 9 9 9 9 9 9 9
0 1 10 11 12 13 14 16 19 2 3 6 8 9 9 9 9 9 9 9
0 1 10 11 13 14 16 19 2 3 5 6 8 9 9 9 9 9 9 9
0 1 10 12 13 15 16 18 2 3 4 6 8 9 9 9 9 9 9 9
0 1 10 11 12 13 14 19 2 3 6 8 9 9 9 9 9 9 9 9
0 1 10 11 12 13 14 15 19 2 3 6 8 9 9 9 9 9 9 9
0 1 10 11 13 14 15 16 19 2 5 8 9 9 9 9 9 9 9 9
0 1 10 11 12 14 15 16 19 4 5 6 8 9 9 9 9 9 9 9
0 1 10 12 13 14 15 19 2 3 5 6 7 9 9 9 9 9 9 9
0 1 10 11 12 13 14 19 2 3 4 8 9 9 9 9 9 9 9 9
0 1 10 11 12 13 14 16 19 2 3 6 8 9 9 9 9 9 9 9
0 1 10 11 13 14 16 19 2 3 6 8 9 9 9 9 9 9 9 9
0 1 10 12 13 14 17 19 2 3 4 5 8 9 9 9 9 9 9 9
0 1 10 11 12 14 15 16 19 4 5 6 8 9 9 9 9 9 9 9
0 1 10 11 12 13 14 16 19 2 6 8 9 9 9 9 9 9 9 9
0 1 10 11 13 14 15 16 2 3 6 7 8 9 9 9 9 9 9 9
0 1 10 11 13 14 16 19 2 3 6 8 9 9 9 9 9 9 9 9
0 1 10 11 13 14 16 19 2 3 6 8 9 9 9 9 9 9 9 9
0 1 10 12 13 14 16 19 2 3 5 6 7 8 9 9 9 9 9 9
0 1 10 12 13 14 15 17 19 2 3 5 8 9 9 9 9 9 9 9
0 1 10 11 12 13 14 19 2 3 5 6 8 9 9 9 9 9 9 9
0 1 10 11 12 13 16 19 2 4 5 8 9 9 9 9 9 9 9 9
0 1 10 11 13 14 16 19 2 3 6 8 9 9 9 9 9 9 9 9
0 1 10 11 13 14 16 19 2 3 6 8 9 9 9 9 9 9 9 9
0 1 10 11 13 14 15 16 2 3 6 8 9 9 9 9 9 9 9 9
0 1 10 11 12 13 14 19 2 3 4 8 9 9 9 9 9 9 9 9
0 1 10 11 12 13 14 16 19 2 3 6 8 9 9 9 9 9 9 9
0 1 10 11 12 13 16 19 2 3 6 7 8 9 9 9 9 9 9 9
0 1 10 11 12 13 14 16 19 2 5 6 9 9 9 9 9 9 9 9
0 1 10 11 12 13 16 19 2 4 5 8 9 9 9 9 9 9 9 9
0 1 10 11 12 13 16 19 2 3 6 7 8 9 9 9 9 9 9 9
0 1 10 11 13 14 16 19 2 3 6 8 9 9 9 9 9 9 9 9
0 1 10 11 12 13 14 16 19 2 5 6 8 9 9 9 9 9 9 9
0 1 10 11 12 13 14 19 2 3 6 8 9 9 9 9 9 9 9 9
0 1 10 11 12 13 14 19 2 3 5 6 9 9 9 9 9 9 9 9
0 1 10 11 12 13 14 16 19 2 6 8 9 9 9 9 9 9 9 9
0 1 10 11 12 13 14 16 19 2 6 8 9 9 9 9 9 9 9 9
0 1 10 11 13 14 15 16 19 2 3 6 8 9 9 9 9 9 9 9
0 1 10 11 13 14 15 16 19 2 5 8 9 9 9 9 9 9 9 9
0 1 10 12 13 14 16 19 2 3 4 5 6 9 9 9 9 9 9 9
0 1 10 11 12 13 16 19 2 4 5 8 9 9 9 9 9 9 9 9
0 1 10 11 13 14 16 19 2 3 6 8 9 9 9 9 9 9 9 9
0 1 10 11 12 13 16 19 2 4 5 8 9 9 9 9 9 9 9 9
0 1 10 11 12 13 14 16 19 2 4 6 8 9 9 9 9 9 9 9
0 1 10 11 13 14 15 16 19 2 3 8 9 9 9 9 9 9 9 9
0 1 10 11 13 14 16 19 2 3 5 8 9 9 9 9 9 9 9 9
0 1 10 11 13 14 15 16 19 2 3 8 9 9 9 9 9 9 9 9
0 1 10 11 12 13 16 19 2 4 5 8 9 9 9 9 9 9 9 9
0 10 11 13 14 15 16 19 19 3 5 7 8 9 9 9 9 9 9 9
0 1 10 11 13 14 16 17 19 2 5 8 9 9 9 9 9 9 9 9
0 1 10 11 12 13 14 16 2 4 5 8 9 9 9 9 9 9 9 9
0 1 10 11 12 13 14 16 19 3 4 7 8 9 9 9 9 9 9 9
0 1 10 11 13 14 16 19 2 3 5 6 9 9 9 9 9 9 9 9
0 1 10 11 12 13 14 16 19 4 5 8 9 9 9 9 9 9 9 9
0 1 10 11 13 14 15 16 19 2 3 8 9 9 9 9 9 9 9 9
0 1 10 11 12 13 16 19 2 4 5 8 9 9 9 9 9 9 9 9
0 1 10 11 12 13 14 19 2 4 5 8 9 9 9 9 9 9 9 9
0 1 10 11 12 13 14 16 19 2 5 6 8 9 9 9 9 9 9 9
0 1 10 12 13 14 16 17 19 2 3 6 7 8 9 9 9 9 9 9
0 1 10 11 12 13 14 16 19 2 3 6 8 9 9 9 9 9 9 9
0 1 10 11 13 14 16 19 2 3 6 8 9 9 9 9 9 9 9 9
0 1 10 11 12 13 14 16 19 2 6 8 9 9 9 9 9 9 9 9
0 1 10 11 12 13 16 19 2 4 5 8 9 9 9 9 9 9 9 9
0 1 10 12 13 14 15 18 19 2 3 6 7 9 9 9 9 9 9 9
0 1 10 11 13 14 16 19 2 3 6 8 9 9 9 9 9 9 9 9
0 1 10 12 13 14 15 19 2 3 5 6 7 8 9 9 9 9 9 9
0 1 10 12 13 15 16 19 2 3 5 6 7 8 9 9 9 9 9 9
0 1 10 11 13 14 16 19 2 3 6 8 9 9 9 9 9 9 9 9
0 1 10 11 12 13 16 19 2 4 5 8 9 9 9 9 9 9 9 9
0 1 10 11 12 13 14 16 2 4 5 6 8 9 9 9 9 9 9 9
0 1 10 11 12 13 14 16 19 2 6 8 9 9 9 9 9 9 9 9
0 1 10 11 13 14 16 19 2 3 6 8 9 9 9 9 9 9 9 9
0 1 10 11 12 13 14 16 19 2 5 6 8 9 9 9 9 9 9 9
0 1 10 11 12 13 14 16 19 2 6 8 9 9 9 9 9 9 9 9
0 1 10 12 13 14 16 19 2 3 5 6 7 8 9 9 9 9 9 9
0 1 10 12 13 14 15 17 19 2 3 5 8 9 9 9 9 9 9 9
0 1 10 11 13 14 15 16 19 2 5 8 9 9 9 9 9 9 9 9
0 1 10 12 13 15 16 17 19 2 3 5 7 8 9 9 9 9 9 9
0 1 10 11 12 13 16 19 2 4 5 8 9 9 9 9 9 9 9 9
0 1 10 11 12 13 14 16 19 2 5 6 8 9 9 9 9 9 9 9
0 1 10 12 13 14 16 17 19 3 4 5 8 9 9 9 9 9 9 9
0 1 10 11 13 14 16 19 2 3 6 8 9 9 9 9 9 9 9 9
0 1 10 12 13 15 18 19 2 3 4 5 8 9 9 9 9 9 9 9
0 1 10 11 12 14 15 19 19 2 6 8 9 9 9 9 9 9 9 9
0 1 10 11 12 13 14 15 19 2 3 6 8 9 9 9 9 9 9 9
0 1 10 11 12 13 14 16 19 2 5 6 9 9 9 9 9 9 9 9
0 1 10 11 13 14 16 19 2 5 6 9 9 9 9 9 9 9 9 9
0 1 10 11 12 13 14 16 19 2 3 6 8 9 9 9 9 9 9 9
0 1 10 11 12 13 14 15 19 2 3 6 8 9 9 9 9 9 9 9
0 1 10 11 13 14 16 19 2 5 6 9 9 9 9 9 9 9 9 9
0 1 10 11 12 13 14 16 19 2 6 8 9 9 9 9 9 9 9 9
0 1 10 11 12 13 14 16 19 2 6 7 9 9 9 9 9 9 9 9
0 1 10 11 13 14 15 16 19 2 5 8 9 9 9 9 9 9 9 9
0 1 10 11 13 14 16 19 2 3 6 8 9 9 9 9 9 9 9 9
0 1 10 11 13 14 15 16 19 2 3 8 9 9 9 9 9 9 9 9
0 1 10 12 13 14 16 19 2 3 5 6 7 8 9 9 9 9 9 9
0 1 10 11 12 13 14 15 19 2 3 6 8 9 9 9 9 9 9 9
0 1 10 12 13 15 16 17 19 2 5 6 8 9 9 9 9 9 9 9
0 1 10 11 12 13 16 19 2 4 5 8 9 9 9 9 9 9 9 9
0 1 10 11 13 14 16 19 2 3 6 8 9 9 9 9 9 9 9 9
0 1 10 11 13 14 16 17 2 3 6 8 9 9 9 9 9 9 9 9
0 1 10 11 12 13 14 16 19 2 4 6 8 9 9 9 9 9 9 9
0 1 10 11 13 14 15 16 19 2 5 8 9 9 9 9 9 9 9 9
0 1 10 11 12 13 14 16 19 2 6 8 9 9 9 9 9 9 9 9
0 1 10 11 13 14 16 19 2 3 5 6 8 9 9 9 9 9 9 9
0 1 10 11 12 13 14 16 19 2 5 6 9 9 9 9 9 9 9 9
0 1 10 12 13 15 16 18 19 2 3 4 8 9 9 9 9 9 9 9
0 1 10 11 13 14 16 17 2 5 6 8 9 9 9 9 9 9 9 9
0 1 10 11 12 13 14 16 19 2 6 8 9 9 9 9 9 9 9 9
0 1 10 11 12 14 15 19 2 4 5 8 9 9 9 9 9 9 9 9
0 1 10 11 12 14 15 16 19 4 5 8 9 9 9 9 9 9 9 9
0 1 10 11 12 13 14 16 19 4 5 6 8 9 9 9 9 9 9 9
0 1 10 11 13 14 15 16 19 2 3 8 9 9 9 9 9 9 9 9
0 1 10 11 12 14 15 16 19 4 5 8 9 9 9 9 9 9 9 9
0 1 10 11 13 14 16 19 2 3 6 8 9 9 9 9 9 9 9 9
0 1 10 11 12 13 14 16 19 2 6 8 9 9 9 9 9 9 9 9
0 1 10 11 13 14 15 16 19 2 3 6 8 9 9 9 9 9 9 9
0 1 10 11 12 13 14 16 19 2 5 8 9 9 9 9 9 9 9 9
0 1 10 12 13 15 16 18 19 2 3 6 7 8 9 9 9 9 9 9
0 1 10 11 12 13 14 16 19 2 6 8 9 9 9 9 9 9 9 9
0 1 10 11 13 14 16 19 2 3 6 8 9 9 9 9 9 9 9 9
0 1 10 11 12 14 15 16 19 4 5 8 9 9 9 9 9 9 9 9
0 1 10 11 12 13 14 19 2 3 6 8 9 9 9 9 9 9 9 9
0 1 10 11 12 13 16 19 2 4 5 8 9 9 9 9 9 9 9 9
0 1 10 11 12 13 15 16 19 2 4 8 9 9 9 9 9 9 9 9
0 1 10 11 12 13 14 16 19 2 4 6 8 9 9 9 9 9 9 9
0 1 10 12 13 14 15 19 2 3 5 6 8 9 9 9 9 9 9 9
0 1 10 11 12 13 14 19 2 3 6 8 9 9 9 9 9 9 9 9
0 1 10 12 13 15 16 17 19 2 3 5 6 8 9 9 9 9 9 9
0 1 10 11 12 13 14 16 19 2 5 6 8 9 9 9 9 9 9 9
0 1 10 11 13 14 15 16 19 2 5 8 9 9 9 9 9 9 9 9
0 1 10 11 12 13 14 19 2 3 4 8 9 9 9 9 9 9 9 9
0 1 10 11 12 14 15 19 2 4 5 8 9 9 9 9 9 9 9 9
0 1 10 11 12 14 15 19 2 5 6 8 9 9 9 9 9 9 9 9
0 1 10 11 12 13 14 16 19 2 6 8 9 9 9 9 9 9 9 9
0 1 10 11 12 13 14 16 19 2 5 8 9 9 9 9 9 9 9 9
0 1 10 11 13 14 16 19 2 3 6 8 9 9 9 9 9 9 9 9
0 1 10 11 12 13 14 19 2 3 4 8 9 9 9 9 9 9 9 9
0 1 10 11 13 14 16 19 2 3 6 8 9 9 9 9 9 9 9 9
0 1 10 11 13 14 15 16 2 3 5 6 9 9 9 9 9 9 9 9
0 1 10 12 13 15 16 18 19 2 3 4 8 9 9 9 9 9 9 9
0 1 10 11 12 13 14 16 19 2 3 6 8 9 9 9 9 9 9 9
0 1 10 12 13 15 16 18 19 2 3 4 8 9 9 9 9 9 9 9
0 1 10 11 12 13 15 16 19 2 3 6 8 9 9 9 9 9 9 9
0 1 10 11 13 14 16 19 2 3 5 8 9 9 9 9 9 9 9 9
0 1 10 11 13 15 16 19 2 3 5 8 9 9 9 9 9 9 9 9
0 1 10 11 13 14 15 16 19 2 6 8 9 9 9 9 9 9 9 9
0 1 10 11 12 14 15 16 19 4 6 7 8 9 9 9 9 9 9 9
0 1 10 11 12 13 14 16 19 2 4 6 8 9 9 9 9 9 9 9
0 1 10 11 12 13 15 16 19 2 3 8 9 9 9 9 9 9 9 9
0 1 10 11 13 14 15 16 19 3 5 8 9 9 9 9 9 9 9 9
0 1 10 11 12 13 14 16 19 2 5 6 9 9 9 9 9 9 9 9
0 1 10 11 13 14 15 16 19 3 5 8 9 9 9 9 9 9 9 9
0 1 10 11 12 13 14 16 19 2 6 8 9 9 9 9 9 9 9 9
0 1 10 11 12 13 15 16 19 2 3 6 8 9 9 9 9 9 9 9
0 1 10 11 13 14 15 16 19 2 3 5 8 9 9 9 9 9 9 9
0 1 10 11 12 13 14 16 19 2 6 8 9 9 9 9 9 9 9 9
0 1 10 11 12 14 15 19 19 4 5 8 9 9 9 9 9 9 9 9
0 1 10 11 13 14 16 19 2 5 6 8 9 9 9 9 9 9 9 9
0 1 10 11 12 13 14 19 2 3 4 8 9 9 9 9 9 9 9 9
0 1 10 11 12 13 15 16 19 2 5 8 9 9 9 9 9 9 9 9
0 1 10 11 12 13 14 16 19 2 3 6 8 9 9 9 9 9 9 9
0 1 10 11 13 14 16 19 2 3 6 8 9 9 9 9 9 9 9 9
0 1 10 11 12 13 14 16 19 2 6 8 9 9 9 9 9 9 9 9
0 1 10 12 13 15 16 19 2 3 4 5 7 8 9 9 9 9 9 9
0 1 10 11 12 13 14 16 19 2 6 8 9 9 9 9 9 9 9 9
0 1 10 12 13 14 16 19 2 5 6 7 8 9 9 9 9 9 9 9
0 1 10 11 13 14 16 19 2 5 6 8 9 9 9 9 9 9 9 9
0 1 10 11 12 13 16 19 2 4 5 8 9 9 9 9 9 9 9 9
0 1 10 11 13 14 15 16 19 2 5 8 9 9 9 9 9 9 9 9
0 1 10 11 12 13 14 16 19 2 6 8 9 9 9 9 9 9 9 9
0 1 10 11 12 13 14 19 2 3 6 7 8 9 9 9 9 9 9 9
0 1 10 11 12 13 14 16 19 2 3 6 8 9 9 9 9 9 9 9
0 1 10 11 12 13 14 16 19 2 5 6 9 9 9 9 9 9 9 9
0 1 10 11 13 14 16 19 2 5 6 8 9 9 9 9 9 9 9 9
0 1 10 11 13 14 15 16 2 3 6 7 9 9 9 9 9 9 9 9
0 1 10 11 12 13 14 19 2 3 4 8 9 9 9 9 9 9 9 9
0 1 10 11 13 14 15 16 19 2 3 8 9 9 9 9 9 9 9 9
0 1 10 11 12 13 14 16 19 2 3 6 8 9 9 9 9 9 9 9
0 1 10 11 12 13 14 16 19 2 4 6 9 9 9 9 9 9 9 9
0 1 10 12 13 14 15 19 2 3 5 6 8 9 9 9 9 9 9 9
0 1 10 11 12 13 14 16 19 2 6 8 9 9 9 9 9 9 9 9
0 1 10 11 12 13 15 16 19 2 3 7 9 9 9 9 9 9 9 9
0 1 10 11 12 13 16 19 2 4 5 8 9 9 9 9 9 9 9 9
0 1 10 11 12 13 15 16 19 2 5 6 8 9 9 9 9 9 9 9
0 1 10 12 13 14 15 19 2 3 5 6 7 9 9 9 9 9 9 9
0 1 10 12 13 15 16 19 2 3 4 6 8 9 9 9 9 9 9 9
0 1 10 11 12 14 15 16 19 4 5 8 9 9 9 9 9 9 9 9
0 1 10 12 13 15 16 18 19 2 3 4 7 8 9 9 9 9 9 9
0 1 10 11 13 14 15 16 2 3 6 8 9 9 9 9 9 9 9 9
0 1 10 11 13 14 16 19 2 3 6 8 9 9 9 9 9 9 9 9
0 1 10 11 12 13 16 19 2 4 5 8 9 9 9 9 9 9 9 9
0 1 10 11 12 13 14 16 19 2 4 6 8 9 9 9 9 9 9 9
0 1 10 11 13 14 15 16 19 2 3 6 8 9 9 9 9 9 9 9
0 1 10 11 13 14 15 16 2 5 6 8 9 9 9 9 9 9 9 9
0 1 10 11 12 13 16 19 2 4 5 8 9 9 9 9 9 9 9 9
0 1 10 11 12 13 14 16 19 2 6 8 9 9 9 9 9 9 9 9
0 1 10 11 12 13 14 16 2 4 6 8 9 9 9 9 9 9 9 9
0 1 10 11 12 13 16 19 2 4 5 8 9 9 9 9 9 9 9 9
0 1 10 12 13 14 16 19 2 3 4 5 6 9 9 9 9 9 9 9
0 1 10 11 12 13 15 16 19 2 5 6 9 9 9 9 9 9 9 9
0 1 10 11 12 13 14 16 19 2 6 8 9 9 9 9 9 9 9 9
0 1 10 11 12 13 14 16 19 2 4 5 8 9 9 9 9 9 9 9
0 1 10 11 12 13 14 15 19 2 3 6 8 9 9 9 9 9 9 9
0 1 10 11 12 13 16 19 2 4 5 8 9 9 9 9 9 9 9 9
0 1 10 11 12 13 14 15 19 2 3 6 8 9 9 9 9 9 9 9
0 1 10 11 13 14 16 19 2 3 6 8 9 9 9 9 9 9 9 9
0 1 10 11 12 13 14 16 19 2 5 6 8 9 9 9 9 9 9 9
0 1 10 11 12 13 14 16 19 2 4 8 9 9 9 9 9 9 9 9
0 1 10 11 12 13 14 16 19 2 6 8 9 9 9 9 9 9 9 9
0 1 10 11 13 14 16 17 19 2 3 8 9 9 9 9 9 9 9 9
0 1 10 11 12 14 15 19 19 2 5 6 9 9 9 9 9 9 9 9
0 1 10 11 13 14 15 16 19 2 3 8 9 9 9 9 9 9 9 9
0 1 10 12 13 14 15 17 19 3 4 5 8 9 9 9 9 9 9 9
0 1 10 11 12 13 16 19 2 4 5 8 9 9 9 9 9 9 9 9
0 1 10 11 13 14 16 17 19 2 5 8 9 9 9 9 9 9 9 9
0 1 10 11 12 13 14 19 2 3 4 8 9 9 9 9 9 9 9 9
0 1 10 11 12 14 15 16 19 4 5 6 8 9 9 9 9 9 9 9
0 1 10 11 12 14 15 19 19 4 5 8 9 9 9 9 9 9 9 9
0 1 10 12 13 15 16 18 19 2 3 5 8 9 9 9 9 9 9 9
0 1 10 11 13 14 16 19 2 3 6 8 9 9 9 9 9 9 9 9
0 1 10 11 13 14 16 19 2 3 6 8 9 9 9 9 9 9 9 9
0 1 10 11 12 13 14 16 19 2 4 8 9 9 9 9 9 9 9 9
0 1 10 11 13 14 16 19 2 5 6 9 9 9 9 9 9 9 9 9
0 1 10 11 13 14 16 19 2 3 6 8 9 9 9 9 9 9 9 9
0 1 10 11 12 13 14 19 2 5 8 9 9 9 9 9 9 9 9 9
0 1 10 11 12 13 14 19 2 3 4 8 9 9 9 9 9 9 9 9
0 1 10 11 12 13 14 19 2 4 5 8 9 9 9 9 9 9 9 9
0 1 10 11 12 13 16 19 2 4 5 8 9 9 9 9 9 9 9 9
0 1 10 11 13 14 15 16 19 3 5 8 9 9 9 9 9 9 9 9
0 1 10 11 13 14 16 19 2 5 6 8 9 9 9 9 9 9 9 9
0 1 10 11 12 13 16 19 2 4 5 8 9 9 9 9 9 9 9 9
0 1 10 11 13 14 16 19 2 5 6 9 9 9 9 9 9 9 9 9
0 1 10 11 13 14 16 19 2 3 6 8 9 9 9 9 9 9 9 9
0 1 10 11 13 14 16 19 2 5 6 8 9 9 9 9 9 9 9 9
0 1 10 11 12 13 14 19 2 4 6 8 9 9 9 9 9 9 9 9
0 1 10 11 12 13 14 16 19 2 6 8 9 9 9 9 9 9 9 9
0 1 10 11 12 13 14 16 19 2 3 6 8 9 9 9 9 9 9 9
0 1 10 11 12 14 15 16 19 4 5 8 9 9 9 9 9 9 9 9
0 1 10 11 12 14 15 16 19 4 5 6 8 9 9 9 9 9 9 9
0 1 10 11 13 14 15 16 19 3 7 8 9 9 9 9 9 9 9 9
0 1 10 11 12 13 14 16 19 2 4 6 8 9 9 9 9 9 9 9
0 1 10 11 12 13 14 16 19 2 6 8 9 9 9 9 9 9 9 9
0 1 10 11 13 14 15 16 2 3 6 7 9 9 9 9 9 9 9 9
0 1 10 11 12 13 14 16 19 2 3 6 8 9 9 9 9 9 9 9
0 1 10 12 13 14 17 19 2 3 5 6 8 9 9 9 9 9 9 9
0 1 10 12 13 15 16 17 18 19 2 6 8 9 9 9 9 9 9 9
0 1 10 11 13 14 16 19 2 5 6 9 9 9 9 9 9 9 9 9
0 1 10 11 12 13 14 16 19 3 4 6 8 9 9 9 9 9 9 9
0 1 10 11 12 13 14 16 19 2 5 6 9 9 9 9 9 9 9 9
0 1 10 11 13 14 16 19 2 3 6 8 9 9 9 9 9 9 9 9
0 1 10 11 12 13 14 16 19 4 6 8 9 9 9 9 9 9 9 9
0 1 10 11 13 14 16 19 2 3 6 8 9 9 9 9 9 9 9 9
0 1 10 12 13 14 15 18 19 2 3 5 6 9 9 9 9 9 9 9
0 1 10 12 13 15 16 18 19 2 3 4 7 8 9 9 9 9 9 9
0 1 10 11 12 13 14 19 2 3 4 6 9 9 9 9 9 9 9 9
0 1 10 11 12 13 14 19 2 3 6 8 9 9 9 9 9 9 9 9
0 1 10 11 12 14 15 16 19 4 6 8 9 9 9 9 9 9 9 9
0 1 10 11 12 13 16 19 2 4 5 8 9 9 9 9 9 9 9 9
0 1 10 11 12 13 14 16 19 2 5 6 8 9 9 9 9 9 9 9
0 1 10 11 12 13 14 16 19 2 6 8 9 9 9 9 9 9 9 9
0 1 10 11 12 13 15 16 19 2 3 6 8 9 9 9 9 9 9 9
0 1 10 11 12 13 14 16 19 2 3 6 8 9 9 9 9 9 9 9
0 1 10 11 13 14 15 16 2 5 6 8 9 9 9 9 9 9 9 9
0 1 10 11 13 14 15 16 19 2 5 8 9 9 9 9 9 9 9 9
0 1 10 11 13 14 16 19 2 5 6 8 9 9 9 9 9 9 9 9
0 1 10 11 12 14 15 16 19 4 5 8 9 9 9 9 9 9 9 9
0 1 10 11 12 13 14 16 19 2 4 5 8 9 9 9 9 9 9 9
0 1 10 11 12 13 16 19 2 4 5 8 9 9 9 9 9 9 9 9
0 1 10 11 12 13 16 19 2 4 5 8 9 9 9 9 9 9 9 9
0 1 10 12 13 14 15 19 2 3 5 6 8 9 9 9 9 9 9 9
0 1 10 12 13 14 16 17 19 3 4 5 7 8 9 9 9 9 9 9
0 1 10 11 12 13 16 19 2 4 5 8 9 9 9 9 9 9 9 9
0 1 10 11 12 13 16 19 2 4 5 8 9 9 9 9 9 9 9 9
0 1 10 12 13 14 16 19 2 3 5 6 7 9 9 9 9 9 9 9
0 1 10 12 13 15 16 17 19 2 3 5 7 8 9 9 9 9 9 9
0 1 10 11 13 14 15 16 19 2 3 8 9 9 9 9 9 9 9 9
0 1 10 11 12 13 16 19 2 4 5 8 9 9 9 9 9 9 9 9
0 1 10 11 12 13 14 16 19 4 5 8 9 9 9 9 9 9 9 9
0 1 10 11 13 14 16 19 2 3 6 8 9 9 9 9 9 9 9 9
0 1 10 11 13 14 15 16 2 5 6 8 9 9 9 9 9 9 9 9
0 1 10 11 12 13 14 16 19 2 6 8 9 9 9 9 9 9 9 9
0 1 10 11 12 13 15 19 2 3 4 8 9 9 9 9 9 9 9 9
0 1 10 11 13 14 16 19 2 3 6 8 9 9 9 9 9 9 9 9
0 1 10 11 13 14 16 19 2 3 6 8 9 9 9 9 9 9 9 9
0 1 10 11 12 13 14 16 2 4 5 6 9 9 9 9 9 9 9 9
0 1 10 11 13 14 16 19 2 3 6 8 9 9 9 9 9 9 9 9
0 1 10 12 13 14 15 17 19 3 5 6 7 8 9 9 9 9 9 9
0 1 10 11 12 13 14 19 2 4 5 8 9 9 9 9 9 9 9 9
0 1 10 11 12 13 14 16 19 2 6 8 9 9 9 9 9 9 9 9
0 1 10 11 12 13 15 16 19 2 3 8 9 9 9 9 9 9 9 9
0 1 10 11 12 13 14 16 2 4 5 8 9 9 9 9 9 9 9 9
0 1 10 11 13 14 16 19 2 3 6 7 9 9 9 9 9 9 9 9
0 1 10 11 12 13 14 19 2 3 6 8 9 9 9 9 9 9 9 9
0 1 10 11 12 13 14 16 19 2 6 8 9 9 9 9 9 9 9 9
0 1 10 12 13 15 17 18 19 2 3 4 8 9 9 9 9 9 9 9
0 1 10 11 13 14 15 16 19 2 5 8 9 9 9 9 9 9 9 9
0 1 10 11 12 13 14 16 19 2 6 8 9 9 9 9 9 9 9 9
0 1 10 11 12 13 14 16 19 2 6 8 9 9 9 9 9 9 9 9
0 1 10 11 12 13 14 16 19 2 6 8 9 9 9 9 9 9 9 9
0 1 10 11 12 13 14 16 19 2 4 5 8 9 9 9 9 9 9 9
0 1 10 11 12 13 16 19 2 3 4 6 8 9 9 9 9 9 9 9
0 1 10 11 13 14 15 16 2 3 5 6 9 9 9 9 9 9 9 9
0 1 10 11 13 14 15 16 2 3 6 8 9 9 9 9 9 9 9 9
0 1 10 12 13 14 15 19 3 4 5 8 9 9 9 9 9 9 9 9
0 1 10 12 13 14 15 17 19 2 3 5 8 9 9 9 9 9 9 9
0 1 10 12 13 14 16 17 19 4 5 8 9 9 9 9 9 9 9 9
0 1 10 11 12 13 14 16 19 3 4 6 8 9 9 9 9 9 9 9
0 1 10 11 12 13 14 16 19 2 5 6 8 9 9 9 9 9 9 9
0 1 10 11 12 13 14 16 19 2 3 6 7 9 9 9 9 9 9 9
0 1 10 11 12 13 14 19 2 4 5 8 9 9 9 9 9 9 9 9
0 1 10 11 12 13 14 16 19 2 3 6 8 9 9 9 9 9 9 9
0 1 10 11 12 13 14 16 19 4 5 8 9 9 9 9 9 9 9 9
0 1 10 11 13 14 16 19 2 3 5 8 9 9 9 9 9 9 9 9
0 1 10 11 13 14 16 19 2 5 6 9 9 9 9 9 9 9 9 9
0 1 10 11 13 14 16 19 2 3 6 8 9 9 9 9 9 9 9 9
0 1 10 12 13 14 16 19 2 3 6 7 8 9 9 9 9 9 9 9
0 1 10 11 13 14 16 19 2 3 6 8 9 9 9 9 9 9 9 9
0 1 10 11 12 14 15 16 19 4 5 6 8 9 9 9 9 9 9 9
0 1 10 11 13 14 16 19 2 3 6 8 9 9 9 9 9 9 9 9
0 1 10 11 12 13 16 19 2 4 5 8 9 9 9 9 9 9 9 9
0 1 10 11 12 13 14 19 2 3 6 8 9 9 9 9 9 9 9 9
0 1 10 11 13 14 15 16 19 2 5 8 9 9 9 9 9 9 9 9
0 1 10 11 12 13 15 19 2 4 5 8 9 9 9 9 9 9 9 9
0 1 10 12 13 14 16 17 19 3 4 6 8 9 9 9 9 9 9 9
0 1 10 11 12 13 14 16 19 2 3 6 7 9 9 9 9 9 9 9
0 1 10 11 13 15 16 17 19 2 8 9 9 9 9 9 9 9 9 9
0 1 10 11 13 14 16 17 19 2 6 8 9 9 9 9 9 9 9 9
0 1 10 11 12 13 14 16 19 2 3 6 8 9 9 9 9 9 9 9
0 1 10 11 13 14 16 19 2 5 6 8 9 9 9 9 9 9 9 9
0 1 10 11 13 14 16 17 19 2 6 8 9 9 9 9 9 9 9 9
0 1 10 11 12 13 14 16 19 2 6 8 9 9 9 9 9 9 9 9
0 1 10 11 12 13 14 16 2 4 5 6 8 9 9 9 9 9 9 9
0 1 10 11 12 13 14 16 19 2 5 6 8 9 9 9 9 9 9 9
0 1 10 11 13 14 16 19 2 5 6 8 9 9 9 9 9 9 9 9
0 1 10 11 12 13 14 19 2 3 4 8 9 9 9 9 9 9 9 9
0 1 10 11 12 13 14 16 19 2 6 8 9 9 9 9 9 9 9 9
0 1 10 11 12 13 14 16 19 3 4 7 8 9 9 9 9 9 9 9
0 1 10 11 12 13 15 16 19 4 5 8 9 9 9 9 9 9 9 9
0 1 10 11 12 13 14 19 2 3 6 7 8 9 9 9 9 9 9 9
0 1 10 11 13 14 16 19 2 5 6 8 9 9 9 9 9 9 9 9
0 1 10 11 12 13 14 16 19 4 5 8 9 9 9 9 9 9 9 9
0 1 10 11 12 13 14 16 19 2 5 6 8 9 9 9 9 9 9 9
0 1 10 11 12 13 14 16 19 2 6 8 9 9 9 9 9 9 9 9
0 1 10 11 13 14 15 16 19 2 3 8 9 9 9 9 9 9 9 9
0 1 10 11 12 13 14 16 19 4 5 8 9 9 9 9 9 9 9 9
0 1 10 11 13 14 15 16 19 3 5 8 9 9 9 9 9 9 9 9
0 1 10 11 12 13 14 16 19 2 6 8 9 9 9 9 9 9 9 9
0 1 10 11 12 13 14 16 19 2 3 6 8 9 9 9 9 9 9 9
0 1 10 11 12 13 16 19 2 4 5 8 9 9 9 9 9 9 9 9
0 1 10 11 13 14 16 19 2 5 6 8 9 9 9 9 9 9 9 9
0 1 10 11 12 13 14 16 19 2 6 8 9 9 9 9 9 9 9 9
0 1 10 11 12 13 15 16 19 2 4 8 9 9 9 9 9 9 9 9
0 1 10 11 13 14 15 16 2 3 5 7 9 9 9 9 9 9 9 9
0 1 10 11 12 13 15 16 19 2 3 8 9 9 9 9 9 9 9 9
0 1 10 11 12 13 14 19 2 3 6 8 9 9 9 9 9 9 9 9
0 1 10 11 12 13 14 15 19 2 3 6 8 9 9 9 9 9 9 9
0 1 10 11 13 15 16 19 2 5 8 9 9 9 9 9 9 9 9 9
0 1 10 11 13 14 15 16 17 2 5 8 9 9 9 9 9 9 9 9
0 1 10 11 12 13 16 19 2 3 4 6 8 9 9 9 9 9 9 9
0 1 10 11 12 13 14 19 2 3 4 8 9 9 9 9 9 9 9 9
0 1 10 11 12 13 14 16 2 4 5 6 9 9 9 9 9 9 9 9
0 1 10 11 12 13 14 19 2 3 6 8 9 9 9 9 9 9 9 9
0 1 10 11 12 13 15 19 2 3 4 8 9 9 9 9 9 9 9 9
0 1 10 12 13 14 17 19 2 3 4 5 8 9 9 9 9 9 9 9
0 1 10 11 12 13 14 16 19 2 3 6 8 9 9 9 9 9 9 9
0 1 10 11 13 14 16 19 2 3 6 8 9 9 9 9 9 9 9 9
0 1 10 11 12 13 14 16 19 2 4 6 8 9 9 9 9 9 9 9
0 1 10 11 12 13 14 16 19 2 3 6 8 9 9 9 9 9 9 9
0 1 10 11 13 14 15 16 19 2 5 8 9 9 9 9 9 9 9 9
0 1 10 11 13 14 16 19 2 3 6 8 9 9 9 9 9 9 9 9
0 1 10 11 13 15 16 17 19 2 3 8 9 9 9 9 9 9 9 9
0 1 10 11 13 14 16 17 19 2 6 8 9 9 9 9 9 9 9 9
0 1 10 11 12 13 14 19 2 4 5 8 9 9 9 9 9 9 9 9
0 1 10 11 13 15 16 19 2 5 6 8 9 9 9 9 9 9 9 9
0 1 10 11 13 14 16 19 2 5 6 9 9 9 9 9 9 9 9 9
0 1 10 11 12 13 14 16 19 2 5 6 8 9 9 9 9 9 9 9
0 1 10 11 13 14 16 19 2 3 6 8 9 9 9 9 9 9 9 9
0 1 10 11 12 15 16 19 2 4 5 8 9 9 9 9 9 9 9 9
0 1 10 11 12 14 15 19 19 5 6 8 9 9 9 9 9 9 9 9
0 1 10 11 12 13 14 16 19 2 3 6 7 9 9 9 9 9 9 9
0 1 10 11 13 14 15 16 19 2 5 8 9 9 9 9 9 9 9 9
0 1 10 11 13 14 16 19 2 5 6 8 9 9 9 9 9 9 9 9
0 1 10 11 12 13 14 19 2 3 6 8 9 9 9 9 9 9 9 9
0 1 10 11 12 13 16 19 2 4 5 8 9 9 9 9 9 9 9 9
0 1 10 11 12 13 14 16 19 2 3 6 7 9 9 9 9 9 9 9
0 1 10 11 13 14 15 16 19 3 5 7 9 9 9 9 9 9 9 9
0 1 10 11 13 14 16 19 2 3 6 8 9 9 9 9 9 9 9 9
0 1 10 11 13 14 16 19 2 3 6 8 9 9 9 9 9 9 9 9
0 1 10 11 13 14 15 16 19 3 6 8 9 9 9 9 9 9 9 9
0 1 10 11 12 13 16 19 2 3 4 5 8 9 9 9 9 9 9 9
0 1 10 11 12 13 14 15 19 3 4 5 8 9 9 9 9 9 9 9
0 1 10 11 12 13 14 16 19 2 4 6 8 9 9 9 9 9 9 9
0 1 10 11 12 13 16 19 2 4 5 8 9 9 9 9 9 9 9 9
0 1 10 11 12 14 15 16 19 4 5 8 9 9 9 9 9 9 9 9
0 1 10 11 12 13 14 16 19 4 5 8 9 9 9 9 9 9 9 9
0 1 10 11 13 14 16 19 2 3 6 8 9 9 9 9 9 9 9 9
0 1 10 11 12 13 14 16 2 4 5 6 9 9 9 9 9 9 9 9
0 1 10 11 13 14 16 19 2 3 6 8 9 9 9 9 9 9 9 9
0 1 10 11 13 14 16 19 2 3 6 8 9 9 9 9 9 9 9 9
0 1 10 11 12 13 14 19 2 3 6 8 9 9 9 9 9 9 9 9
0 1 10 11 13 14 16 19 2 3 6 8 9 9 9 9 9 9 9 9
0 1 10 11 12 13 14 16 19 2 4 6 8 9 9 9 9 9 9 9
0 1 10 11 13 14 16 19 2 5 6 8 9 9 9 9 9 9 9 9
0 1 10 11 12 13 14 16 19 2 3 6 8 9 9 9 9 9 9 9
0 1 10 11 12 13 14 16 19 2 5 6 8 9 9 9 9 9 9 9
0 1 10 11 12 13 16 19 2 4 5 8 9 9 9 9 9 9 9 9
0 1 10 11 13 14 16 17 19 2 5 8 9 9 9 9 9 9 9 9
0 1 10 12 13 14 16 19 2 3 6 7 8 9 9 9 9 9 9 9
0 1 10 11 13 14 16 19 2 3 6 8 9 9 9 9 9 9 9 9
0 1 10 11 12 13 16 19 2 4 5 8 9 9 9 9 9 9 9 9
0 1 10 11 13 14 15 16 19 3 5 8 9 9 9 9 9 9 9 9
0 1 10 11 12 13 14 16 19 2 6 8 9 9 9 9 9 9 9 9
0 1 10 12 13 15 16 18 19 3 4 5 8 9 9 9 9 9 9 9
0 1 10 11 13 14 16 19 2 3 6 8 9 9 9 9 9 9 9 9
0 1 10 11 13 14 16 17 19 2 5 8 9 9 9 9 9 9 9 9
0 1 10 11 12 13 14 16 19 2 6 8 9 9 9 9 9 9 9 9
0 1 10 11 12 13 16 19 2 4 6 8 9 9 9 9 9 9 9 9
0 1 10 11 12 13 16 19 2 4 5 8 9 9 9 9 9 9 9 9
0 1 10 11 13 14 15 16 19 3 5 8 9 9 9 9 9 9 9 9
0 1 10 11 13 14 16 19 2 3 6 8 9 9 9 9 9 9 9 9
0 1 10 11 13 14 16 19 2 3 6 8 9 9 9 9 9 9 9 9
0 1 10 11 13 14 16 19 2 3 5 6 8 9 9 9 9 9 9 9
0 1 10 11 12 13 14 16 19 3 4 8 9 9 9 9 9 9 9 9
0 1 10 12 13 14 15 18 19 2 3 6 8 9 9 9 9 9 9 9
0 1 10 11 13 14 15 16 19 3 6 7 8 9 9 9 9 9 9 9
0 1 10 11 12 13 14 16 19 2 6 8 9 9 9 9 9 9 9 9
0 1 10 11 12 13 14 16 19 2 6 7 8 9 9 9 9 9 9 9
0 1 10 11 12 13 14 16 2 4 5 8 9 9 9 9 9 9 9 9
0 1 10 11 12 13 14 19 2 4 5 8 9 9 9 9 9 9 9 9
0 1 10 11 13 14 16 17 19 2 5 8 9 9 9 9 9 9 9 9
0 1 10 11 12 13 15 16 19 2 3 6 8 9 9 9 9 9 9 9
0 1 10 11 12 13 16 19 2 3 5 6 8 9 9 9 9 9 9 9
0 1 10 11 12 14 15 19 2 5 6 8 9 9 9 9 9 9 9 9
0 1 10 11 12 13 14 16 19 4 5 8 9 9 9 9 9 9 9 9
0 1 10 11 13 14 16 19 2 3 6 8 9 9 9 9 9 9 9 9
0 1 10 11 12 13 14 16 19 2 6 8 9 9 9 9 9 9 9 9
0 1 10 11 12 13 14 16 19 2 3 6 9 9 9 9 9 9 9 9
0 1 10 11 12 13 14 16 19 2 4 6 8 9 9 9 9 9 9 9
0 1 10 11 12 13 14 16 19 2 5 6 9 9 9 9 9 9 9 9
0 1 10 12 13 15 16 19 2 3 4 5 7 9 9 9 9 9 9 9
0 1 10 11 13 14 16 17 19 2 5 8 9 9 9 9 9 9 9 9
0 1 10 11 12 13 16 19 2 3 4 5 8 9 9 9 9 9 9 9
0 1 10 11 13 14 16 19 2 4 6 8 9 9 9 9 9 9 9 9
0 1 10 11 12 13 15 16 19 2 4 8 9 9 9 9 9 9 9 9
0 1 10 11 12 13 14 19 2 4 5 8 9 9 9 9 9 9 9 9
0 1 10 11 12 13 16 19 2 4 6 8 9 9 9 9 9 9 9 9
0 1 10 11 12 13 15 19 2 3 4 8 9 9 9 9 9 9 9 9
0 1 10 11 12 13 14 19 2 4 5 9 9 9 9 9 9 9 9 9
0 1 10 11 12 13 15 16 19 4 5 8 9 9 9 9 9 9 9 9
0 1 10 11 13 14 16 19 2 5 6 8 9 9 9 9 9 9 9 9
0 1 10 11 12 13 16 19 2 4 5 8 9 9 9 9 9 9 9 9
0 1 10 11 13 14 15 16 19 3 5 8 9 9 9 9 9 9 9 9
0 1 10 11 12 13 14 16 19 2 5 6 8 9 9 9 9 9 9 9
0 1 10 11 12 13 14 16 19 2 5 6 8 9 9 9 9 9 9 9
0 1 10 11 12 13 16 19 2 3 4 6 8 9 9 9 9 9 9 9
0 1 10 11 12 13 16 19 2 4 5 8 9 9 9 9 9 9 9 9
0 1 10 11 13 14 16 19 2 3 5 6 8 9 9 9 9 9 9 9
0 1 10 11 12 13 14 16 19 2 3 6 7 9 9 9 9 9 9 9
0 1 10 11 12 14 15 16 19 4 5 8 9 9 9 9 9 9 9 9
0 1 10 11 12 14 15 16 19 4 5 8 9 9 9 9 9 9 9 9
0 1 10 11 12 13 14 16 19 2 4 6 8 9 9 9 9 9 9 9
0 1 10 11 13 14 16 19 2 3 6 8 9 9 9 9 9 9 9 9
0 1 10 11 12 13 15 16 19 2 3 8 9 9 9 9 9 9 9 9
0 1 10 11 12 13 14 16 19 4 5 8 9 9 9 9 9 9 9 9
0 1 10 11 12 13 14 16 19 2 5 6 8 9 9 9 9 9 9 9
0 1 10 11 13 14 16 19 2 3 6 8 9 9 9 9 9 9 9 9
0 1 10 11 12 13 14 16 19 3 4 8 9 9 9 9 9 9 9 9
0 1 10 11 12 13 14 15 19 2 3 6 8 9 9 9 9 9 9 9
0 1 10 11 12 13 16 19 2 4 5 8 9 9 9 9 9 9 9 9
0 1 10 11 12 13 16 19 2 4 5 8 9 9 9 9 9 9 9 9
0 1 10 11 13 14 16 17 19 2 3 8 9 9 9 9 9 9 9 9
0 1 10 11 12 13 14 16 19 2 5 6 8 9 9 9 9 9 9 9
0 1 10 11 12 13 14 19 2 4 5 9 9 9 9 9 9 9 9 9
0 1 10 11 12 13 15 16 19 2 3 6 8 9 9 9 9 9 9 9
0 1 10 11 12 13 14 16 19 2 4 8 9 9 9 9 9 9 9 9
0 1 10 11 12 13 14 19 2 3 4 8 9 9 9 9 9 9 9 9
0 1 10 11 12 13 14 16 19 2 3 6 8 9 9 9 9 9 9 9
0 1 10 11 12 13 14 16 19 2 5 6 8 9 9 9 9 9 9 9
0 1 10 12 13 14 16 19 2 3 6 7 8 9 9 9 9 9 9 9
0 1 10 11 12 13 14 16 19 2 3 6 8 9 9 9 9 9 9 9
0 1 10 11 13 14 16 19 2 3 6 8 9 9 9 9 9 9 9 9
0 1 10 11 12 13 14 16 19 2 6 8 9 9 9 9 9 9 9 9
0 1 10 11 12 13 14 16 19 3 4 7 8 9 9 9 9 9 9 9
0 1 10 11 12 15 16 19 2 4 5 8 9 9 9 9 9 9 9 9
0 1 10 11 12 13 14 19 2 3 6 8 9 9 9 9 9 9 9 9
0 1 10 11 12 13 16 19 2 3 4 6 8 9 9 9 9 9 9 9
0 1 10 11 13 14 15 16 2 3 6 8 9 9 9 9 9 9 9 9
0 1 10 11 13 14 16 19 2 3 6 8 9 9 9 9 9 9 9 9
0 1 10 11 12 13 14 16 19 2 3 6 8 9 9 9 9 9 9 9
0 1 10 11 12 13 16 19 2 4 5 8 9 9 9 9 9 9 9 9
0 1 10 11 12 13 14 16 19 2 4 6 8 9 9 9 9 9 9 9
0 1 10 11 13 14 16 17 19 2 3 6 8 9 9 9 9 9 9 9
0 1 10 11 13 14 16 19 2 3 6 8 9 9 9 9 9 9 9 9
0 1 10 12 13 15 16 18 19 2 3 4 8 9 9 9 9 9 9 9
0 1 10 11 12 13 14 19 2 3 4 8 9 9 9 9 9 9 9 9
0 1 10 11 12 13 14 16 19 4 5 8 9 9 9 9 9 9 9 9
0 1 10 11 12 13 14 16 19 3 4 6 8 9 9 9 9 9 9 9
0 1 10 11 12 13 14 16 19 2 6 8 9 9 9 9 9 9 9 9
0 1 10 11 12 13 14 16 19 2 4 6 8 9 9 9 9 9 9 9
0 1 10 11 13 14 15 16 19 2 5 8 9 9 9 9 9 9 9 9
0 1 10 11 13 15 16 19 2 3 5 8 9 9 9 9 9 9 9 9
0 1 10 11 12 13 14 16 19 4 5 8 9 9 9 9 9 9 9 9
0 1 10 11 12 13 14 15 19 2 3 6 8 9 9 9 9 9 9 9
0 1 10 11 13 14 15 16 19 2 3 6 8 9 9 9 9 9 9 9
0 1 10 12 13 14 15 18 19 2 3 5 7 9 9 9 9 9 9 9
0 1 10 11 12 13 14 19 2 3 6 8 9 9 9 9 9 9 9 9
0 1 10 11 13 14 16 19 2 5 6 8 9 9 9 9 9 9 9 9
0 1 10 11 12 13 14 19 2 3 4 8 9 9 9 9 9 9 9 9
0 1 10 11 13 14 16 17 2 3 6 8 9 9 9 9 9 9 9 9
0 1 10 11 12 13 14 16 19 2 4 5 8 9 9 9 9 9 9 9
0 1 10 12 13 15 16 18 19 2 3 6 8 9 9 9 9 9 9 9
0 1 10 11 13 14 15 16 19 2 5 8 9 9 9 9 9 9 9 9
0 1 10 11 13 14 15 16 19 2 5 8 9 9 9 9 9 9 9 9
0 1 10 11 12 13 16 19 2 4 5 8 9 9 9 9 9 9 9 9
0 1 10 11 12 14 15 19 2 5 6 8 9 9 9 9 9 9 9 9
0 1 10 11 12 13 14 16 2 4 5 6 8 9 9 9 9 9 9 9
0 1 10 11 13 14 16 19 2 3 6 8 9 9 9 9 9 9 9 9
0 1 10 11 12 13 14 16 19 2 4 6 8 9 9 9 9 9 9 9
0 1 10 11 13 14 15 16 19 2 3 6 8 9 9 9 9 9 9 9
0 1 10 11 13 14 15 16 19 2 3 8 9 9 9 9 9 9 9 9
0 1 10 11 12 13 15 16 19 2 5 8 9 9 9 9 9 9 9 9
0 1 10 11 12 13 14 16 19 3 4 5 8 9 9 9 9 9 9 9
0 1 10 11 12 13 14 16 19 2 3 6 8 9 9 9 9 9 9 9
0 1 10 11 12 14 15 16 19 4 5 7 8 9 9 9 9 9 9 9
0 1 10 11 12 13 14 16 19 2 6 8 9 9 9 9 9 9 9 9
0 1 10 11 12 13 14 19 2 3 6 7 8 9 9 9 9 9 9 9
0 1 10 11 13 14 16 19 2 3 6 8 9 9 9 9 9 9 9 9
0 1 10 11 12 13 15 16 19 2 6 8 9 9 9 9 9 9 9 9
0 1 10 11 13 14 16 19 2 3 6 8 9 9 9 9 9 9 9 9
0 1 10 12 13 15 16 19 2 3 5 6 7 9 9 9 9 9 9 9
0 1 10 11 13 14 16 19 2 3 6 8 9 9 9 9 9 9 9 9
0 1 10 11 12 13 14 16 19 4 5 8 9 9 9 9 9 9 9 9
0 1 10 12 13 15 16 18 19 2 3 6 7 9 9 9 9 9 9 9
0 1 10 11 12 13 16 19 2 4 5 8 9 9 9 9 9 9 9 9
0 1 10 11 12 13 14 16 19 2 4 6 8 9 9 9 9 9 9 9
0 1 10 11 12 13 14 15 19 3 4 8 9 9 9 9 9 9 9 9
0 1 10 11 12 13 14 16 19 2 3 6 8 9 9 9 9 9 9 9
0 1 10 11 12 13 14 16 2 4 5 6 9 9 9 9 9 9 9 9
0 1 10 11 13 14 15 16 19 2 3 8 9 9 9 9 9 9 9 9
0 1 10 11 12 13 14 16 19 2 6 8 9 9 9 9 9 9 9 9
0 1 10 11 12 14 15 16 19 4 5 8 9 9 9 9 9 9 9 9
0 1 10 11 13 14 16 17 19 2 3 6 8 9 9 9 9 9 9 9
0 1 10 11 13 14 16 19 2 3 6 8 9 9 9 9 9 9 9 9
0 1 10 11 12 13 14 16 19 2 5 6 9 9 9 9 9 9 9 9
0 1 10 11 12 13 14 16 19 3 5 7 9 9 9 9 9 9 9 9
0 1 10 11 12 13 15 16 19 2 3 6 8 9 9 9 9 9 9 9
0 1 10 11 12 13 14 16 19 2 5 6 9 9 9 9 9 9 9 9
0 1 10 12 13 14 15 18 19 3 4 5 7 8 9 9 9 9 9 9
0 1 10 11 12 13 14 15 19 2 3 6 8 9 9 9 9 9 9 9
0 1 10 12 13 14 15 19 2 3 5 6 8 9 9 9 9 9 9 9
0 1 10 11 12 13 15 16 19 2 3 6 8 9 9 9 9 9 9 9
0 1 10 11 13 14 15 16 19 2 5 8 9 9 9 9 9 9 9 9
0 1 10 11 13 14 15 16 19 3 5 8 9 9 9 9 9 9 9 9
0 1 10 12 13 14 15 18 2 3 4 5 8 9 9 9 9 9 9 9
0 1 10 11 12 13 14 16 19 2 6 8 9 9 9 9 9 9 9 9
0 1 10 11 13 14 16 19 2 3 6 8 9 9 9 9 9 9 9 9
0 1 10 11 12 13 14 16 19 2 3 7 8 9 9 9 9 9 9 9
0 1 10 11 13 14 15 16 19 2 5 8 9 9 9 9 9 9 9 9
0 1 10 11 12 13 16 19 2 4 5 8 9 9 9 9 9 9 9 9
0 1 10 11 12 13 15 16 19 2 4 8 9 9 9 9 9 9 9 9
0 1 10 11 12 13 14 16 19 4 5 8 9 9 9 9 9 9 9 9
0 1 10 11 12 13 14 16 19 2 5 6 8 9 9 9 9 9 9 9
0 1 10 11 12 13 15 16 19 2 3 6 8 9 9 9 9 9 9 9
0 1 10 11 12 13 14 16 19 4 5 8 9 9 9 9 9 9 9 9
0 1 10 12 13 15 16 18 19 2 3 6 7 9 9 9 9 9 9 9
0 1 10 12 13 15 16 19 2 3 5 6 8 9 9 9 9 9 9 9
0 1 10 11 12 13 16 19 2 4 6 8 9 9 9 9 9 9 9 9
0 1 10 11 13 14 16 19 2 3 6 8 9 9 9 9 9 9 9 9
0 1 10 11 12 13 14 19 2 3 4 8 9 9 9 9 9 9 9 9
0 1 10 11 12 13 14 19 2 3 6 8 9 9 9 9 9 9 9 9
0 1 10 11 12 13 14 16 19 4 5 8 9 9 9 9 9 9 9 9
0 1 10 11 12 13 14 16 19 2 5 6 8 9 9 9 9 9 9 9
0 1 10 11 12 13 16 19 2 4 5 8 9 9 9 9 9 9 9 9
0 1 10 11 12 14 15 16 19 4 5 8 9 9 9 9 9 9 9 9
0 1 10 11 12 13 14 19 2 3 6 8 9 9 9 9 9 9 9 9
0 1 10 11 12 13 14 15 19 3 4 8 9 9 9 9 9 9 9 9
0 1 10 11 12 13 14 16 19 2 6 8 9 9 9 9 9 9 9 9
0 1 10 11 12 13 16 19 2 4 5 8 9 9 9 9 9 9 9 9
0 1 10 11 13 14 16 19 2 3 6 7 9 9 9 9 9 9 9 9
0 1 10 11 12 13 14 16 19 2 6 8 9 9 9 9 9 9 9 9
0 1 10 11 12 13 14 19 2 3 4 8 9 9 9 9 9 9 9 9
0 1 10 11 13 14 15 16 19 2 3 8 9 9 9 9 9 9 9 9
0 1 10 11 12 13 14 16 19 2 6 8 9 9 9 9 9 9 9 9
0 1 10 11 13 14 16 19 2 3 6 8 9 9 9 9 9 9 9 9
0 1 10 11 12 14 15 16 19 4 5 6 8 9 9 9 9 9 9 9
0 1 10 12 13 14 16 17 19 2 3 4 5 8 9 9 9 9 9 9
0 1 10 11 12 13 14 16 19 2 5 6 8 9 9 9 9 9 9 9
0 1 10 11 13 14 16 19 2 3 5 8 9 9 9 9 9 9 9 9
0 1 10 12 13 15 16 17 19 2 3 5 8 9 9 9 9 9 9 9
0 1 10 12 13 14 15 18 19 2 3 5 8 9 9 9 9 9 9 9
0 1 10 11 13 14 16 19 2 5 6 8 9 9 9 9 9 9 9 9
0 1 10 11 12 13 16 19 2 4 5 8 9 9 9 9 9 9 9 9
0 1 10 11 12 13 15 16 19 4 8 9 9 9 9 9 9 9 9 9
0 1 10 12 13 14 15 19 3 4 5 7 8 9 9 9 9 9 9 9
0 1 10 11 12 13 14 19 2 3 6 8 9 9 9 9 9 9 9 9
0 1 10 11 12 13 14 16 19 2 6 8 9 9 9 9 9 9 9 9
0 1 10 11 13 14 15 16 19 2 3 6 8 9 9 9 9 9 9 9
0 1 10 11 13 14 15 16 19 2 5 8 9 9 9 9 9 9 9 9
0 1 10 11 13 14 16 17 19 2 6 8 9 9 9 9 9 9 9 9
0 1 10 11 13 14 16 19 2 3 6 8 9 9 9 9 9 9 9 9
0 1 10 11 12 13 14 16 19 2 6 8 9 9 9 9 9 9 9 9
0 1 10 11 13 15 16 19 2 3 6 8 9 9 9 9 9 9 9 9
0 1 10 11 12 13 14 16 19 2 6 8 9 9 9 9 9 9 9 9
0 1 10 11 12 13 14 16 19 2 6 8 9 9 9 9 9 9 9 9
0 1 10 11 12 13 14 16 19 2 3 6 8 9 9 9 9 9 9 9
0 1 10 12 13 14 16 19 2 3 5 6 7 9 9 9 9 9 9 9
0 1 10 11 13 14 16 19 2 3 6 8 9 9 9 9 9 9 9 9
0 1 10 11 13 14 16 19 2 3 6 8 9 9 9 9 9 9 9 9
0 1 10 11 13 14 16 19 2 3 6 8 9 9 9 9 9 9 9 9
0 1 10 11 12 13 14 19 2 3 6 8 9 9 9 9 9 9 9 9
0 1 10 11 12 13 14 16 19 2 5 6 8 9 9 9 9 9 9 9
0 1 10 11 13 14 16 17 19 2 3 6 8 9 9 9 9 9 9 9
0 1 10 11 13 14 16 17 19 2 3 8 9 9 9 9 9 9 9 9
0 1 10 11 12 13 14 16 19 2 6 8 9 9 9 9 9 9 9 9
0 1 10 11 12 13 16 19 2 4 5 8 9 9 9 9 9 9 9 9
0 1 10 11 13 14 15 16 19 2 5 8 9 9 9 9 9 9 9 9
0 1 10 11 12 13 15 16 19 2 5 8 9 9 9 9 9 9 9 9
0 1 10 11 12 13 14 19 2 3 4 8 9 9 9 9 9 9 9 9
0 1 10 11 13 14 16 19 2 3 6 8 9 9 9 9 9 9 9 9
0 1 10 11 12 13 14 16 19 2 4 6 8 9 9 9 9 9 9 9
0 1 10 11 12 13 14 16 19 2 3 6 8 9 9 9 9 9 9 9
0 1 10 11 13 14 15 16 19 2 3 8 9 9 9 9 9 9 9 9
0 1 10 11 12 13 16 19 2 4 5 8 9 9 9 9 9 9 9 9
0 1 10 11 12 13 14 16 19 2 5 6 8 9 9 9 9 9 9 9
0 1 10 12 13 15 16 19 2 4 5 8 9 9 9 9 9 9 9 9
0 1 10 11 12 13 14 16 19 2 6 8 9 9 9 9 9 9 9 9
0 1 10 11 12 13 15 16 19 2 3 8 9 9 9 9 9 9 9 9
0 1 10 11 13 14 16 17 19 2 3 8 9 9 9 9 9 9 9 9
0 1 10 11 12 13 14 19 2 3 6 8 9 9 9 9 9 9 9 9
0 1 10 11 12 13 15 16 19 2 3 8 9 9 9 9 9 9 9 9
0 1 10 11 12 13 14 16 19 2 3 6 8 9 9 9 9 9 9 9
0 1 10 11 12 14 15 16 19 4 5 8 9 9 9 9 9 9 9 9
0 1 10 11 12 13 14 16 19 2 6 8 9 9 9 9 9 9 9 9
0 1 10 11 12 13 16 19 2 4 5 8 9 9 9 9 9 9 9 9
0 1 10 11 13 14 16 19 2 3 6 8 9 9 9 9 9 9 9 9
0 1 10 11 12 13 14 16 19 2 3 6 7 9 9 9 9 9 9 9
0 1 10 11 12 13 14 16 19 4 5 8 9 9 9 9 9 9 9 9
0 1 10 11 12 13 14 19 2 3 6 8 9 9 9 9 9 9 9 9
0 1 10 11 12 13 14 16 19 4 5 6 9 9 9 9 9 9 9 9
0 1 10 11 12 13 16 19 2 4 5 8 9 9 9 9 9 9 9 9
0 1 10 12 13 15 16 18 19 3 4 5 8 9 9 9 9 9 9 9
0 1 10 11 12 13 16 19 2 4 5 8 9 9 9 9 9 9 9 9
0 1 10 11 12 13 14 16 19 2 6 8 9 9 9 9 9 9 9 9
0 1 10 11 12 13 14 16 19 2 5 6 9 9 9 9 9 9 9 9
0 1 10 12 13 14 15 18 19 2 3 5 6 8 9 9 9 9 9 9
0 1 10 11 12 13 14 16 19 2 3 6 8 9 9 9 9 9 9 9
0 1 10 11 12 13 14 16 19 2 6 8 9 9 9 9 9 9 9 9
0 1 10 11 12 13 14 16 19 2 3 6 9 9 9 9 9 9 9 9
0 1 10 11 12 13 14 16 19 2 3 6 8 9 9 9 9 9 9 9
0 1 10 12 13 15 16 19 2 3 5 6 8 9 9 9 9 9 9 9
0 1 10 11 13 14 15 16 19 3 5 7 9 9 9 9 9 9 9 9
0 1 10 11 12 13 14 16 19 2 6 8 9 9 9 9 9 9 9 9
0 1 10 11 12 13 16 19 2 3 4 8 9 9 9 9 9 9 9 9
0 1 10 11 12 13 14 16 2 4 6 8 9 9 9 9 9 9 9 9
0 1 10 11 12 13 14 19 2 3 4 8 9 9 9 9 9 9 9 9
0 1 10 11 13 14 16 19 2 3 6 7 8 9 9 9 9 9 9 9
0 1 10 11 13 15 16 17 19 2 5 8 9 9 9 9 9 9 9 9
0 1 10 11 12 13 14 16 19 2 3 6 8 9 9 9 9 9 9 9
0 1 10 11 13 14 16 19 2 3 6 8 9 9 9 9 9 9 9 9
0 1 10 12 13 14 15 19 2 3 5 6 7 8 9 9 9 9 9 9
0 1 10 11 12 13 14 19 2 3 6 8 9 9 9 9 9 9 9 9
0 1 10 12 13 14 16 19 2 3 6 7 8 9 9 9 9 9 9 9
0 1 10 11 13 14 15 16 2 3 6 8 9 9 9 9 9 9 9 9
0 1 10 11 12 13 14 16 19 2 4 6 8 9 9 9 9 9 9 9
0 1 10 11 12 13 16 19 2 4 5 8 9 9 9 9 9 9 9 9
0 1 10 11 12 13 16 19 2 4 5 8 9 9 9 9 9 9 9 9
0 1 10 11 12 13 14 16 19 2 6 8 9 9 9 9 9 9 9 9
0 1 10 11 12 13 14 16 19 2 4 5 8 9 9 9 9 9 9 9
0 1 10 11 12 13 14 16 19 2 6 8 9 9 9 9 9 9 9 9
0 1 10 11 13 14 16 19 2 5 6 8 9 9 9 9 9 9 9 9
0 1 10 11 13 14 16 19 2 3 6 8 9 9 9 9 9 9 9 9
0 1 10 11 12 13 16 19 2 4 5 8 9 9 9 9 9 9 9 9
0 1 10 11 12 13 16 18 2 4 6 8 9 9 9 9 9 9 9 9
0 1 10 11 12 13 14 16 19 2 3 6 8 9 9 9 9 9 9 9
0 1 10 11 12 13 15 16 19 2 5 8 9 9 9 9 9 9 9 9
0 1 10 11 13 14 15 16 19 2 5 8 9 9 9 9 9 9 9 9
0 1 10 11 12 13 14 16 19 4 5 8 9 9 9 9 9 9 9 9
0 1 10 11 12 14 15 19 19 4 5 8 9 9 9 9 9 9 9 9
0 1 10 12 13 14 15 18 19 2 3 5 6 9 9 9 9 9 9 9
0 1 10 11 13 14 16 17 2 4 5 8 9 9 9 9 9 9 9 9
0 1 10 11 12 13 15 16 19 2 3 7 8 9 9 9 9 9 9 9
0 1 10 12 13 15 16 19 2 3 4 7 8 9 9 9 9 9 9 9
0 1 10 12 13 15 16 18 19 2 3 6 7 8 9 9 9 9 9 9
0 1 10 11 12 13 14 16 19 2 3 6 9 9 9 9 9 9 9 9
0 1 10 11 12 13 14 19 2 3 6 8 9 9 9 9 9 9 9 9
0 1 10 11 12 13 16 19 2 4 5 8 9 9 9 9 9 9 9 9
0 1 10 11 12 13 14 16 19 2 6 8 9 9 9 9 9 9 9 9
0 1 10 11 13 14 15 16 19 2 3 8 9 9 9 9 9 9 9 9
0 1 10 11 13 14 16 19 2 3 6 8 9 9 9 9 9 9 9 9
0 1 10 11 12 13 16 19 2 4 5 8 9 9 9 9 9 9 9 9
0 1 10 11 13 14 16 19 2 5 8 9 9 9 9 9 9 9 9 9
0 1 10 11 12 13 14 16 2 4 6 8 9 9 9 9 9 9 9 9
0 1 10 12 13 15 16 18 19 2 3 6 7 8 9 9 9 9 9 9
0 1 10 11 13 14 16 19 2 5 6 8 9 9 9 9 9 9 9 9
0 1 10 11 13 14 16 19 2 5 6 8 9 9 9 9 9 9 9 9
0 1 10 11 13 14 15 16 19 2 5 8 9 9 9 9 9 9 9 9
0 1 10 11 12 13 14 16 19 2 6 8 9 9 9 9 9 9 9 9
0 1 10 11 13 14 16 19 2 3 6 8 9 9 9 9 9 9 9 9
0 1 10 12 13 14 16 19 2 3 5 6 7 8 9 9 9 9 9 9
0 1 10 11 13 14 15 16 2 5 6 8 9 9 9 9 9 9 9 9
0 1 10 11 12 13 14 15 19 3 6 8 9 9 9 9 9 9 9 9
0 1 10 11 12 13 16 19 2 4 5 8 9 9 9 9 9 9 9 9
0 1 10 11 13 14 15 16 19 2 3 8 9 9 9 9 9 9 9 9
0 1 10 11 12 13 14 16 19 2 4 6 8 9 9 9 9 9 9 9
0 1 10 11 12 13 14 16 19 2 3 6 8 9 9 9 9 9 9 9
0 1 10 11 13 14 15 16 19 2 3 8 9 9 9 9 9 9 9 9
0 1 10 11 13 14 16 17 19 2 5 8 9 9 9 9 9 9 9 9
0 1 10 12 13 14 16 17 19 3 4 5 6 8 9 9 9 9 9 9
0 1 10 11 12 13 14 19 2 3 6 8 9 9 9 9 9 9 9 9
0 1 10 11 12 13 14 16 2 4 6 8 9 9 9 9 9 9 9 9
0 1 10 12 13 14 15 19 3 4 5 8 9 9 9 9 9 9 9 9
0 1 10 11 12 13 14 16 19 2 4 6 8 9 9 9 9 9 9 9
0 1 10 11 12 13 14 19 2 3 6 8 9 9 9 9 9 9 9 9
0 1 10 11 12 13 14 16 19 2 5 6 9 9 9 9 9 9 9 9
0 1 10 11 12 13 14 16 19 2 5 6 8 9 9 9 9 9 9 9
0 1 10 11 12 13 14 16 19 2 6 8 9 9 9 9 9 9 9 9
0 1 10 11 12 14 15 16 19 4 5 7 9 9 9 9 9 9 9 9
0 1 10 11 13 14 16 19 2 3 6 8 9 9 9 9 9 9 9 9
0 1 10 11 12 13 16 19 2 4 8 9 9 9 9 9 9 9 9 9
0 1 10 11 12 13 14 16 19 2 3 6 9 9 9 9 9 9 9 9
0 1 10 11 12 13 14 16 19 2 4 5 8 9 9 9 9 9 9 9
0 1 10 11 13 14 16 19 2 3 6 8 9 9 9 9 9 9 9 9
0 1 10 12 13 14 16 19 2 3 5 6 7 8 9 9 9 9 9 9
0 1 10 11 12 13 14 19 2 3 4 8 9 9 9 9 9 9 9 9
0 1 10 11 12 14 15 19 19 5 6 8 9 9 9 9 9 9 9 9
0 1 10 11 13 14 15 16 19 2 5 8 9 9 9 9 9 9 9 9
0 1 10 11 12 13 14 16 19 2 4 5 9 9 9 9 9 9 9 9
0 1 10 11 12 13 14 16 19 2 5 6 8 9 9 9 9 9 9 9
0 1 10 11 12 13 16 19 2 4 5 8 9 9 9 9 9 9 9 9
0 1 10 11 13 14 16 19 2 3 5 6 9 9 9 9 9 9 9 9
0 1 10 11 12 13 14 16 19 2 5 6 8 9 9 9 9 9 9 9
