0 11 16 18 19
1 10 14 15 19
0 10 12 16 17
12 13 15 19 2
10 11 14 15 17
1 11 13 19 3
1 11 16 4 5
1 11 14 16 17
12 13 15 18 19
1 12 17 18 2
0 15 18 19 3
12 16 17 18 3
1 15 16 19 4
10 13 19 3 4
12 13 18 19 3
10 12 13 2 3
1 11 15 16 2
1 13 14 15 2
1 12 16 17 18
10 11 13 15 19
10 11 12 19 2
10 11 15 18 19
10 12 19 3 5
12 16 18 3 5
13 16 18 19 3
13 15 18 19 5
1 14 17 18 2
11 16 17 18 4
12 17 18 2 5
0 11 13 19 2
1 10 14 16 19
0 16 17 3 4
0 13 14 19 2
11 12 13 14 3
1 10 14 15 19
0 11 17 18 2
0 11 12 19 2
1 14 15 17 6
15 16 18 2 3
10 13 15 19 2
10 11 16 17 4
12 15 16 19 5
14 15 19 2 3
16 17 18 3 4
12 14 15 19 2
14 15 17 3 4
0 12 17 18 2
0 12 13 18 4
1 10 12 19 2
10 14 17 19 2
13 16 17 3 4
1 10 15 16 18
13 14 18 19 2
1 16 17 18 4
0 12 13 18 2
0 1 10 16 17
1 10 15 16 18
11 13 17 18 5
16 17 18 4 5
10 16 18 19 3
11 12 17 19 2
0 15 16 3 4
1 12 17 18 3
11 13 15 16 3
12 13 14 16 5
10 13 17 18 5
1 16 17 2 3
0 10 12 16 4
1 12 18 19 5
0 1 11 16 17
1 15 17 18 5
12 13 14 2 4
14 16 2 4 5
14 16 2 3 4
11 14 18 2 3
10 13 17 18 3
15 18 19 3 6
1 12 13 14 18
10 13 2 3 4
0 11 19 2 3
10 16 19 2 3
1 11 15 16 18
1 10 15 16 19
1 16 17 18 2
1 12 17 19 2
12 13 14 15 17
12 14 19 2 3
14 15 16 17 18
15 18 19 4 5
0 14 16 19 2
17 18 2 4 5
1 10 13 15 18
1 12 13 14 2
1 15 16 5 6
14 15 19 2 4
1 14 15 18 19
0 15 19 2 4
0 10 12 19 2
0 13 17 18 3
13 15 19 3 5
14 16 17 2 4
0 10 11 16 17
15 17 18 19 2
10 14 18 19 4
0 11 14 16 5
1 13 15 19 2
1 14 15 16 3
12 14 16 2 3
13 14 19 2 3
1 11 12 16 17
11 14 18 19 2
1 14 16 2 3
1 16 17 18 19
0 16 17 18 3
10 12 15 16 19
1 12 13 15 16
13 14 16 18 4
14 15 16 2 5
0 1 16 2 5
0 1 17 18 2
11 14 16 19 2
12 16 17 18 4
10 16 17 18 4
0 14 16 19 3
11 12 17 18 4
1 14 16 17 19
0 1 16 19 3
0 10 11 15 16
11 12 14 2 3
0 10 14 16 2
0 11 13 15 16
1 13 17 18 2
0 12 14 16 18
0 12 13 14 16
11 16 18 2 3
0 10 13 15 16
16 17 19 2 3
1 12 15 16 2
0 13 16 17 3
13 18 19 2 3
1 14 15 16 3
13 15 16 3 4
1 11 13 15 16
12 15 16 2 5
12 15 16 17 4
1 14 16 19 2
12 15 18 19 3
0 11 12 16 17
0 11 12 16 3
0 10 11 17 18
13 15 17 2 3
1 10 17 18 2
13 19 2 3 4
13 14 17 19 3
10 13 18 19 3
13 14 18 19 4
14 15 18 2 4
15 18 19 2 3
13 3 4 5 6
0 10 12 13 3
0 11 16 17 18
15 17 18 19 4
0 14 15 16 2
0 10 13 16 2
0 11 12 13 3
0 11 14 16 2
0 12 14 16 17
0 13 15 19 3
1 17 19 2 3
10 13 14 18 19
1 12 13 14 2
15 17 18 19 4
0 10 12 13 18
10 15 16 19 4
12 15 17 19 2
1 12 15 16 18
10 17 18 2 5
1 10 11 16 17
0 10 13 14 2
12 13 18 19 2
12 15 18 2 3
13 14 2 4 5
1 13 14 2 5
1 12 13 14 19
1 11 14 16 17
13 14 15 16 5
1 10 14 16 17
11 16 17 18 3
11 16 17 18 2
12 15 17 19 2
1 14 15 18 3
0 11 14 16 18
12 15 16 17 4
11 14 16 18 2
1 15 16 17 2
10 14 16 17 2
0 12 14 16 2
1 11 12 14 16
10 15 16 18 3
1 12 13 14 19
1 10 12 18 2
1 12 13 17 17
11 14 15 18 19
10 15 16 17 19
12 13 19 2 3
0 15 18 19 2
14 15 16 3 4
10 16 17 19 2
0 1 11 17 18
0 15 19 2 3
1 16 17 18 5
11 12 14 17 2
1 13 16 17 3
14 15 16 4 5
10 13 17 18 2
0 13 15 16 5
12 15 18 19 2
12 13 14 19 2
13 15 19 4 5
10 13 15 18 19
0 11 15 17 18
10 15 19 2 3
0 1 15 17 18
10 11 13 18 3
10 11 14 16 2
1 13 15 16 3
0 14 16 19 2
0 11 15 16 4
0 14 15 16 2
0 1 14 16 19
10 13 18 2 3
13 17 18 3 4
0 11 17 19 2
16 18 3 5 6
0 11 12 16 17
11 12 14 16 17
10 12 13 18 3
10 11 13 15 19
0 1 14 16 18
0 12 15 19 3
17 18 2 3 4
1 12 15 17 17
1 10 12 17 18
10 11 19 2 4
12 15 16 19 2
11 13 18 19 2
0 1 13 16 17
12 14 16 2 2
10 13 16 17 2
10 12 14 16 17
10 14 17 18 3
10 11 12 13 17
1 16 17 19 3
11 17 18 19 2
12 16 18 19 2
11 17 18 3 5
13 14 16 17 2
1 13 16 17 4
15 16 3 4 5
18 2 3 4 5
0 1 12 17 19
11 15 17 18 5
0 10 15 16 2
11 12 17 18 2
0 14 16 18 4
1 10 11 12 2
12 13 19 3 5
11 16 18 2 3
10 11 13 14 15
1 15 17 18 3
16 18 2 3 5
10 11 12 13 3
13 17 18 4 5
11 12 14 16 18
0 10 16 2 3
0 10 11 12 13
1 13 14 19 2
0 1 12 18 4
12 14 16 18 2
0 1 14 16 17
0 1 12 13 19
12 15 16 17 19
10 14 15 16 3
13 15 19 3 5
1 10 15 16 18
1 10 12 18 2
1 12 16 17 2
1 13 16 17 18
12 14 15 16 2
10 11 14 18 19
1 10 11 12 2
0 10 16 17 2
1 10 14 16 17
14 16 19 2 3
0 11 15 16 18
1 15 16 18 4
0 16 18 2 4
16 17 18 19 4
14 16 18 19 2
0 15 16 4 5
14 15 18 19 4
13 16 19 3 4
1 11 13 17 19
0 14 15 16 17
13 15 16 19 4
1 12 19 2 5
1 12 14 15 17
10 15 16 5 6
16 18 19 2 3
1 11 12 13 17
12 14 16 5 6
11 15 16 4 5
11 12 16 2 4
1 15 18 19 2
10 12 13 16 4
1 11 17 19 3
11 16 19 2 3
13 15 19 2 3
0 11 12 13 19
11 14 16 2 3
1 10 12 17 18
0 12 13 19 3
13 2 3 4 7
10 12 19 3 5
10 13 14 16 18
1 11 13 16 17
13 14 16 17 18
1 13 16 17 2
0 11 15 17 18
10 11 13 2 3
10 15 17 18 3
13 14 16 19 2
14 16 17 3 4
12 14 16 19 2
0 1 11 16 4
1 16 19 2 3
0 16 18 19 3
1 10 13 15 16
11 14 16 4 5
13 14 2 4 5
1 14 15 16 2
11 15 18 19 3
1 10 11 12 2
10 11 15 16 2
1 13 16 19 2
13 14 16 19 2
11 13 14 16 19
1 13 14 16 5
0 13 14 18 19
1 13 15 16 2
1 15 16 17 18
0 1 15 17 19
16 18 19 3 4
11 15 16 2 5
11 12 14 16 18
10 12 19 2 3
0 1 10 18 19
10 11 14 15 18
10 12 14 17 18
1 16 17 18 2
0 11 16 17 2
0 16 17 2 4
10 13 16 19 2
1 10 14 15 17
12 16 18 19 5
11 13 18 19 3
1 10 11 12 2
14 17 18 3 4
12 13 15 18 3
0 14 16 2 3
0 13 14 16 19
0 10 13 18 2
0 10 12 19 2
12 17 18 19 6
12 13 19 2 3
11 12 18 2 3
11 17 18 19 3
10 12 14 15 16
14 15 16 17 18
1 11 13 18 3
1 15 17 18 3
13 15 18 19 2
14 16 17 18 3
0 14 15 16 19
10 12 15 18 2
11 12 17 18 2
1 10 11 17 19
12 13 2 3 4
13 19 2 3 6
10 12 13 19 19
10 12 17 18 19
0 1 13 16 19
10 11 13 15 19
15 16 2 3 5
10 11 16 17 18
11 12 2 3 4
11 12 2 3 5
0 16 19 2 3
1 10 11 13 14
10 16 17 4 5
15 16 18 3 4
10 15 19 2 3
0 14 15 16 19
0 1 13 16 17
0 1 11 16 17
10 15 16 19 3
0 14 15 16 17
10 11 15 18 19
1 11 12 13 17
14 15 18 19 2
11 12 16 19 4
12 19 2 3 5
10 14 15 17 2
10 12 13 16 2
1 12 17 18 2
0 14 16 2 3
12 13 18 2 3
15 16 2 4 5
0 17 19 2 3
0 10 13 18 2
0 17 18 2 4
1 16 17 2 5
12 14 16 19 2
1 15 16 18 2
15 18 19 3 5
12 16 18 19 3
0 16 17 18 19
14 16 17 18 19
0 10 13 14 17
14 15 16 18 3
10 14 15 16 17
0 11 13 2 3
0 14 16 18 5
15 16 19 2 4
1 10 16 18 2
11 14 15 16 3
1 15 16 17 2
0 11 16 17 2
10 11 13 16 3
11 17 18 3 4
15 16 18 19 4
12 15 17 19 2
1 10 13 16 18
10 14 16 19 2
14 15 16 18 3
0 16 17 2 3
14 15 16 2 3
13 14 15 19 2
1 17 19 2 3
11 13 14 2 3
0 1 11 15 16
1 11 13 18 3
0 11 15 16 17
0 1 4 4 5
1 14 16 19 2
15 18 19 3 4
1 14 15 16 5
15 17 18 2 3
16 18 2 3 4
12 14 16 18 4
1 11 13 18 19
1 12 13 14 19
0 14 15 16 3
0 10 14 17 18
15 16 17 3 4
16 18 19 4 5
14 17 18 19 2
15 17 18 2 3
12 14 15 17 17
0 15 17 18 2
10 12 17 19 2
1 14 17 18 3
12 13 18 19 3
14 15 16 18 3
1 10 13 16 17
10 15 17 18 3
0 10 12 13 19
10 12 13 16 3
14 15 19 3 4
10 11 15 16 18
15 19 2 5 6
14 16 19 3 5
15 16 19 4 5
16 17 18 2 4
11 13 14 16 16
10 13 16 17 18
12 14 16 17 2
10 14 15 19 3
12 13 16 18 19
11 14 18 2 3
10 12 17 19 2
11 15 16 17 3
0 14 16 18 2
1 16 18 19 3
0 12 14 16 3
11 13 19 2 3
10 17 18 2 5
0 11 16 2 3
11 13 14 18 2
16 18 2 3 4
1 11 13 18 2
11 12 13 18 3
0 1 11 16 17
12 15 16 4 5
16 19 2 3 4
10 13 14 15 16
1 10 11 16 17
14 16 19 2 4
0 10 16 17 3
0 11 12 3 4
0 13 14 17 18
0 13 16 18 19
11 15 17 2 3
14 16 17 19 2
10 14 16 17 3
13 16 17 2 3
0 12 13 16 18
11 13 16 16 2
12 14 16 18 19
1 10 12 18 3
1 12 17 2 3
0 12 13 17 18
10 13 14 18 19
0 11 13 19 3
1 11 13 18 3
10 12 16 17 2
11 15 18 2 3
0 13 17 18 2
1 12 16 17 18
11 18 19 3 4
14 15 18 2 4
10 11 13 18 19
1 10 12 13 18
10 12 15 16 18
10 12 17 18 19
1 13 16 18 19
14 15 18 19 3
13 14 17 19 2
0 15 18 19 2
1 16 17 2 4
1 10 12 15 16
13 14 16 19 3
0 14 16 18 2
15 16 19 2 3
16 17 18 3 4
15 18 19 2 3
1 11 16 17 2
1 16 19 3 5
1 16 17 18 4
0 4 5 6 7
12 13 14 16 17
15 19 3 4 5
12 17 18 2 5
15 16 19 2 5
16 17 18 2 3
1 11 13 3 4
12 15 16 18 19
1 12 18 19 2
12 17 18 19 5
0 17 18 4 5
0 1 18 19 3
0 11 13 16 16
15 17 18 2 3
1 10 2 3 4
12 13 15 16 17
0 13 16 18 2
1 12 13 14 2
10 15 16 17 4
1 15 17 18 3
10 16 17 2 5
10 12 18 19 5
0 10 14 18 2
0 16 18 19 2
0 10 16 18 2
14 15 16 19 2
11 16 17 18 4
10 13 16 18 2
12 14 16 17 2
0 15 16 18 3
1 14 15 16 5
10 14 17 18 3
10 14 16 2 5
11 14 18 2 3
14 17 18 19 2
1 12 19 2 3
12 15 16 17 2
10 11 12 15 17
11 17 18 19 4
10 12 2 3 5
16 17 19 2 3
0 14 16 18 2
11 14 17 18 3
12 14 16 2 3
11 16 17 18 4
11 14 17 18 2
14 15 19 3 4
1 16 18 19 4
1 10 12 13 3
0 12 14 16 19
12 19 2 3 6
11 14 17 19 5
0 15 16 18 19
14 17 18 19 3
10 12 17 18 2
10 11 13 3 4
13 16 18 3 4
0 10 11 16 3
0 1 14 16 3
13 15 2 3 5
10 15 16 17 18
1 11 13 2 3
0 14 16 18 2
10 11 14 17 18
11 13 15 16 19
0 14 16 18 4
1 12 13 14 4
1 13 16 18 4
1 11 12 13 19
0 16 18 2 3
1 14 16 2 4
0 14 17 18 4
15 16 19 3 4
11 13 15 19 2
11 13 16 17 2
10 17 18 3 4
15 17 18 19 3
13 15 16 18 3
13 15 19 3 4
10 13 14 19 19
0 16 18 2 3
0 15 16 2 4
0 10 11 12 2
13 14 19 2 5
10 13 15 19 2
12 13 14 15 4
1 14 17 18 2
10 12 15 16 19
11 12 17 18 2
16 17 18 2 3
13 16 17 2 3
16 17 19 2 3
11 15 16 19 2
1 10 11 19 3
0 15 19 2 3
11 17 18 3 4
14 16 18 2 3
1 12 19 2 3
13 16 17 19 3
0 15 17 17 4
0 12 14 17 18
13 17 18 19 2
15 16 17 19 5
13 16 17 18 19
11 15 19 2 3
1 10 15 16 17
0 14 16 17 18
1 14 15 16 4
13 14 19 2 4
10 13 15 17 18
1 10 12 17 18
10 14 15 16 18
13 14 19 2 5
11 14 16 2 4
14 17 18 2 3
0 1 12 17 18
0 10 13 14 19
11 13 14 15 16
12 15 18 19 5
13 15 19 2 3
0 10 13 18 3
1 11 13 15 18
1 12 13 3 4
0 13 16 17 18
0 10 13 19 2
1 16 17 18 2
0 15 16 17 19
15 16 17 19 5
0 14 15 19 3
0 1 12 15 16
0 12 14 17 18
0 10 16 18 3
11 14 15 16 17
11 17 18 2 3
0 18 19 2 5
0 1 12 17 2
16 17 19 2 3
11 12 15 18 19
0 12 15 16 17
0 10 16 17 3
1 16 18 2 4
0 12 15 19 3
14 15 16 2 5
1 12 15 16 19
1 11 13 18 3
0 12 14 16 16
0 15 16 19 4
0 16 18 4 5
11 14 16 19 2
11 12 15 18 19
0 1 16 19 2
14 15 16 17 3
0 1 10 15 16
12 13 15 19 2
0 16 17 2 5
10 13 19 2 3
13 15 19 3 4
1 10 12 17 17
15 17 18 3 3
0 13 18 19 3
0 10 13 18 19
13 15 17 19 2
15 16 18 2 4
1 12 16 17 2
1 16 17 18 3
12 19 2 4 6
12 17 18 4 5
10 11 13 15 4
0 14 16 2 4
11 13 16 2 5
17 18 2 3 5
0 1 15 17 18
15 18 19 2 4
15 17 19 3 4
0 1 17 18 3
11 12 15 16 18
11 13 17 18 2
0 10 15 16 19
11 15 17 2 2
0 10 13 15 16
1 10 12 17 19
10 14 17 18 4
0 11 12 13 16
0 10 16 17 2
11 12 14 16 18
14 17 18 2 4
0 1 14 16 5
12 15 16 18 3
13 14 16 17 2
10 14 15 17 19
1 12 19 2 5
1 14 16 19 4
1 10 12 13 3
1 16 17 19 3
0 12 13 16 19
14 15 17 18 4
10 14 16 17 3
10 12 16 17 18
10 13 15 16 17
16 18 2 3 7
1 12 13 16 17
1 13 15 19 2
12 13 17 18 2
12 17 4 5 7
1 15 16 3 5
14 15 16 19 3
11 14 16 17 2
15 17 18 19 2
11 14 15 17 18
0 12 14 15 16
10 18 19 3 4
13 16 17 18 19
13 14 15 3 4
11 12 3 4 5
0 12 14 16 19
1 11 15 16 18
10 16 17 19 2
10 12 13 14 16
11 12 17 18 3
1 11 12 14 16
10 12 13 17 18
16 19 2 3 4
16 17 18 2 3
11 13 14 16 19
0 14 16 4 5
0 10 14 16 17
1 13 15 18 2
11 12 13 14 16
10 13 15 19 2
14 15 16 4 5
10 14 16 19 4
15 17 19 2 3
12 13 14 2 2
10 11 13 15 17
0 14 17 18 2
0 13 16 16 3
0 10 12 15 16
0 10 12 14 16
13 15 18 19 3
0 12 13 18 3
10 16 17 3 4
11 13 15 16 18
0 14 16 17 2
10 11 13 3 4
1 16 17 18 2
1 10 12 19 2
15 16 18 19 3
11 12 15 18 19
0 11 18 2 3
12 13 17 18 3
0 14 16 18 19
0 17 18 3 4
1 11 12 2 4
14 15 16 17 4
13 17 19 2 3
12 14 15 18 2
12 16 19 2 3
10 11 13 14 18
12 14 15 16 17
0 14 16 2 4
12 13 2 3 4
1 12 17 18 3
0 16 18 2 3
12 14 16 18 3
1 13 16 18 19
13 14 18 19 2
0 12 14 16 4
0 11 12 17 2
13 17 19 2 4
1 11 12 13 3
10 17 18 3 4
1 11 15 16 17
13 17 18 3 4
14 15 19 2 3
1 13 15 19 2
11 12 18 19 3
10 11 18 19 3
0 11 13 16 18
10 12 16 18 19
11 12 13 19 3
0 10 11 13 18
15 18 19 3 4
10 12 15 19 3
0 1 19 2 3
1 14 15 19 2
0 1 12 13 14
15 19 2 3 6
10 15 16 17 18
10 15 18 19 5
12 13 14 19 2
1 11 16 18 2
1 13 16 2 4
11 12 14 16 19
17 18 2 3 6
11 13 16 3 5
0 15 16 19 2
1 11 17 18 2
1 15 16 19 3
10 11 13 14 19
0 17 18 2 3
10 11 13 14 19
1 10 14 16 18
13 17 18 2 5
18 19 4 5 6
11 13 16 16 2
0 10 12 13 14
0 11 12 3 4
10 16 17 2 5
0 13 16 18 4
13 17 19 2 3
0 1 11 13 14
13 16 19 3 4
0 12 14 16 2
16 19 2 3 4
11 12 18 19 2
0 11 12 2 3
11 13 17 18 4
11 14 16 17 2
1 13 17 18 19
10 14 16 2 3
10 15 17 19 2
13 14 15 18 2
10 15 16 17 3
1 13 15 16 2
1 10 11 12 17
12 15 17 19 2
0 11 13 18 2
0 14 15 16 3
0 12 15 16 18
0 1 15 19 2
13 15 19 2 5
15 16 19 5 6
12 13 16 17 3
13 15 17 19 2
0 1 10 16 2
16 18 2 3 5
10 11 15 16 5
10 12 13 18 3
1 11 13 14 16
11 17 18 2 2
11 12 16 18 2
0 12 13 18 2
0 1 13 16 18
0 1 12 13 17
11 17 18 3 5
15 18 19 2 3
0 16 17 19 2
0 1 10 14 16
13 15 16 19 2
11 12 15 19 3
13 16 17 18 19
0 14 16 19 4
0 1 12 13 3
10 13 15 18 19
0 1 10 12 13
15 17 18 19 2
14 16 17 19 2
0 12 15 16 18
1 14 15 18 3
0 1 10 2 3
12 13 16 19 2
0 12 16 18 2
1 11 17 18 2
0 11 13 18 2
10 11 12 13 3
0 17 18 2 4
11 17 19 2 3
1 10 15 16 5
0 16 18 2 3
0 10 15 16 18
1 12 15 16 19
0 1 11 13 16
13 14 15 17 2
0 14 15 16 18
13 15 18 4 5
12 16 18 2 3
12 16 18 2 3
1 11 13 16 19
10 11 12 15 18
11 16 17 18 3
15 18 19 3 4
12 19 2 3 5
16 18 2 4 5
0 1 12 14 16
1 13 17 19 2
1 12 15 18 2
1 15 16 2 4
1 10 16 17 2
15 16 18 2 3
0 15 16 2 4
0 15 16 2 5
0 11 14 16 19
10 11 13 16 17
11 12 18 19 5
12 13 17 2 3
11 12 15 16 2
16 17 18 3 5
11 13 15 16 17
10 11 12 19 2
10 11 15 17 18
13 15 16 2 3
11 15 16 18 2
12 17 18 3 7
0 16 19 2 3
0 12 16 17 18
13 15 19 2 4
1 16 17 18 4
1 10 12 17 18
11 17 18 19 3
0 1 18 19 3
0 13 19 2 3
12 15 16 18 19
1 11 15 16 19
10 17 18 4 5
10 16 17 2 3
0 14 15 16 18
11 14 15 18 2
0 1 10 15 17
11 15 17 18 2
1 10 13 14 16
1 16 18 2 4
0 12 17 18 19
1 13 15 19 4
1 10 18 3 4
14 15 19 2 3
10 12 13 17 19
0 15 16 4 5
12 13 16 19 2
12 16 18 19 5
1 12 14 16 17
0 10 11 12 14
1 10 13 19 3
15 16 2 3 6
1 11 13 16 2
0 1 16 19 2
11 12 16 19 2
13 14 16 3 5
11 14 16 18 2
10 12 13 16 17
11 13 15 17 2
13 14 18 2 3
0 10 12 14 16
0 11 14 16 17
0 15 16 2 4
0 11 18 19 2
14 17 18 2 3
12 13 14 2 5
13 16 18 2 3
14 15 18 19 3
0 10 12 13 15
11 12 13 19 2
10 13 15 19 2
11 12 14 16 19
11 15 17 19 2
0 1 13 16 17
0 10 11 13 3
13 16 18 2 3
14 16 19 2 4
10 11 12 18 19
10 11 13 16 2
13 14 16 2 7
11 17 18 2 3
0 12 16 17 3
13 16 17 2 2
0 1 14 16 19
13 16 18 19 3
14 17 18 3 5
0 10 16 18 19
1 15 16 2 4
12 14 16 18 2
16 18 19 2 3
10 11 13 15 19
13 14 15 17 2
13 15 17 19 2
0 10 11 14 16
12 13 15 16 19
17 18 19 2 5
11 15 17 18 2
12 13 2 3 4
15 16 17 3 4
0 16 18 19 2
11 16 17 3 4
1 11 13 15 16
10 11 18 2 3
0 11 12 14 16
1 10 13 14 16
0 1 11 15 16
0 11 13 13 19
10 17 18 2 5
13 15 18 19 4
1 11 16 2 4
0 12 16 18 19
10 13 14 15 19
0 12 13 17 18
0 1 10 17 18
11 12 17 18 3
13 15 19 2 3
0 14 16 17 3
10 11 12 14 16
0 16 17 18 3
12 16 18 19 4
1 11 12 18 19
13 14 17 19 2
1 10 17 18 4
1 14 17 18 3
10 11 14 16 17
0 11 16 17 18
10 16 17 3 4
13 15 17 2 2
14 16 18 2 3
14 17 18 19 2
11 17 19 2 5
0 12 13 14 19
10 12 15 17 18
1 10 11 15 16
11 13 14 15 2
1 13 17 18 3
11 12 13 15 16
11 17 19 2 3
1 11 17 18 3
14 15 18 3 4
10 11 12 2 3
12 16 17 18 4
1 11 15 17 18
10 12 14 15 19
0 1 14 16 17
0 1 13 15 19
0 11 15 17 18
10 12 13 14 2
1 11 12 2 3
11 17 18 3 5
1 11 16 2 4
1 13 14 17 18
1 13 14 15 18
13 15 18 19 3
0 14 16 2 4
12 15 16 18 2
14 15 16 19 5
1 13 14 16 17
16 17 18 3 4
14 15 16 19 4
0 10 15 16 17
13 14 15 16 17
1 13 17 18 4
10 15 16 18 3
1 12 14 15 18
10 14 17 18 19
0 11 13 15 18
0 1 13 15 19
0 15 16 18 3
1 14 15 2 3
13 15 17 18 19
0 10 12 14 18
1 12 17 18 3
15 16 19 5 6
13 15 19 3 4
11 12 14 2 3
10 13 15 18 19
1 16 17 18 4
10 11 13 16 16
0 16 18 19 3
12 15 16 2 3
0 16 18 19 3
11 12 13 14 19
11 14 16 19 2
0 11 13 14 16
15 17 18 3 4
0 15 18 2 3
10 14 16 18 4
1 10 12 17 19
11 12 16 19 2
1 14 15 18 19
0 1 14 16 19
1 11 15 19 2
10 12 13 15 17
0 11 18 19 3
13 14 19 2 3
10 14 15 16 3
1 10 13 16 19
10 13 14 17 18
0 10 16 18 4
1 10 17 18 4
1 10 11 12 13
0 12 14 16 5
0 15 16 17 2
0 15 19 2 3
10 11 16 18 4
1 14 17 19 3
14 15 19 2 3
0 15 16 5 6
10 11 13 3 4
1 11 14 16 17
0 13 16 16 2
0 1 10 17 18
1 13 15 18 19
0 11 12 3 4
10 13 15 18 3
0 17 18 3 4
10 12 15 16 3
12 16 18 3 5
0 10 14 17 18
13 14 15 16 4
12 14 19 2 3
11 12 17 18 3
10 11 13 14 19
1 13 15 17 19
10 11 17 18 19
10 14 17 18 3
1 10 17 18 2
0 12 17 18 19
1 11 15 19 2
1 11 13 14 2
11 14 16 17 4
0 1 10 11 14
13 14 17 18 2
13 15 18 19 4
0 11 13 3 5
10 12 13 2 3
1 10 11 16 17
14 16 17 4 5
1 13 15 16 5
0 14 16 18 3
1 15 16 18 4
15 19 2 3 5
0 12 14 19 2
0 11 14 16 2
12 14 16 17 18
0 11 13 16 18
10 12 13 19 3
0 12 15 18 19
10 13 16 17 2
10 12 17 18 19
0 12 14 17 19
11 14 15 16 19
10 12 13 2 3
0 1 11 16 3
0 10 11 16 16
10 12 13 17 18
11 12 17 18 4
14 15 16 4 5
0 10 13 16 4
0 12 14 17 18
12 14 16 2 3
10 13 19 2 3
0 15 16 18 19
11 14 16 17 2
11 12 13 14 19
1 11 16 17 3
15 17 18 19 4
11 16 18 2 3
0 12 13 14 3
0 1 12 17 18
14 16 17 2 4
15 18 19 2 3
1 10 15 16 19
1 10 16 17 19
13 14 15 18 19
10 15 17 18 2
10 12 14 16 17
13 15 19 2 3
13 15 16 2 3
16 17 18 3 4
14 15 16 18 2
0 11 15 16 19
1 10 16 19 2
11 16 17 18 2
12 17 18 2 4
11 16 17 18 19
15 17 19 2 3
11 13 16 18 3
0 11 15 17 18
11 13 14 2 3
11 14 16 19 5
13 14 18 4 5
12 14 16 18 2
14 16 18 2 3
12 13 18 3 4
15 16 2 5 6
1 10 13 15 19
10 16 17 18 5
15 16 2 4 6
10 15 16 4 5
1 10 12 18 3
1 11 16 17 18
15 18 2 3 5
1 16 19 2 3
13 16 18 19 2
12 13 16 17 2
1 12 14 16 17
14 15 18 19 3
0 16 19 2 3
11 16 18 2 4
11 13 16 17 4
0 1 12 13 3
13 16 19 2 3
0 13 15 19 2
15 17 18 3 4
0 11 13 2 3
13 14 15 19 2
10 11 15 16 17
0 14 17 2 3
15 17 18 2 3
0 10 11 13 15
13 14 15 16 17
10 17 18 3 4
10 12 14 15 18
1 12 17 18 4
11 12 17 18 5
1 10 15 16 17
12 14 16 2 4
15 16 19 4 5
10 11 13 14 16
1 10 15 17 18
0 1 16 19 2
1 13 15 16 3
10 12 15 18 2
0 10 11 16 2
10 11 15 19 2
0 12 15 16 16
12 13 19 2 3
12 13 14 15 16
14 15 18 19 2
11 15 19 2 5
11 15 16 2 5
0 13 19 3 4
1 11 13 14 16
15 16 19 2 4
1 10 12 16 17
10 12 15 17 2
0 13 16 17 2
10 13 14 16 17
0 1 16 19 2
0 11 16 17 18
10 13 14 19 2
14 17 19 2 3
0 1 16 17 18
0 11 13 16 17
0 1 12 19 2
16 17 18 3 5
10 13 14 15 17
14 16 18 2 3
12 13 15 16 18
0 13 15 16 5
1 13 15 19 4
15 16 2 4 5
10 14 18 19 3
1 11 14 16 5
0 12 14 16 19
1 10 17 18 4
12 13 16 17 18
0 11 17 18 19
1 14 15 16 18
1 12 15 16 19
10 14 17 18 2
1 15 16 17 4
1 15 16 18 3
0 16 17 2 4
10 17 18 4 5
1 13 14 2 4
0 1 10 11 12
11 12 13 15 16
11 13 16 17 2
1 10 11 17 2
1 12 16 17 18
1 12 13 2 3
1 13 14 15 19
13 16 19 2 3
10 14 17 18 2
0 15 16 2 3
1 16 19 2 3
11 14 16 19 3
1 17 18 19 5
1 10 12 17 19
1 11 13 15 19
11 13 14 15 16
12 14 17 18 4
11 15 19 2 3
1 13 16 17 19
0 12 14 15 16
0 1 13 16 17
13 14 15 2 3
10 12 15 18 19
0 1 11 17 18
0 12 14 2 3
10 11 17 18 3
0 13 14 15 18
0 10 13 19 2
15 18 2 4 5
0 4 5 6 7
1 12 13 14 2
1 10 12 17 4
12 17 19 3 5
1 14 15 16 17
10 11 13 15 19
1 12 18 2 3
0 1 10 18 3
1 12 13 16 18
0 1 17 18 2
10 13 15 16 3
10 14 17 18 2
1 15 16 19 2
16 17 18 2 3
12 13 17 18 3
10 18 2 3 4
0 14 16 17 18
0 10 15 16 19
12 16 17 18 4
1 10 16 17 18
16 17 18 4 5
11 16 18 2 3
0 10 12 14 16
10 13 19 3 4
13 14 17 18 2
1 10 15 16 18
12 14 15 2 3
0 14 15 16 3
10 18 19 3 4
10 13 17 18 3
15 16 19 3 5
11 13 14 18 2
11 15 16 17 2
1 10 19 2 3
1 11 15 17 18
1 12 18 19 2
1 15 16 18 4
1 12 13 16 18
10 11 12 4 5
10 12 13 16 18
10 15 16 17 2
10 14 18 19 2
1 16 17 2 3
10 11 13 15 19
10 11 13 19 2
13 15 16 19 2
16 18 19 3 4
0 10 4 2 4
10 14 17 4 5
16 18 19 2 5
13 14 15 16 4
15 16 18 2 3
1 16 2 3 5
10 11 12 14 16
0 10 12 14 17
13 14 15 16 3
10 11 17 18 2
13 16 18 19 4
13 14 15 17 18
12 14 16 19 2
11 12 13 14 2
0 12 16 17 18
0 15 16 2 3
10 14 16 2 3
1 10 11 12 13
12 13 16 19 2
0 10 16 17 3
1 12 17 18 19
1 10 14 15 16
10 16 18 19 4
11 16 17 3 4
10 15 16 17 3
15 16 2 4 5
12 13 14 19 2
1 10 12 13 19
0 17 18 3 5
12 13 14 16 6
12 13 3 4 5
12 13 15 19 3
0 10 11 15 16
16 18 2 3 5
0 13 16 17 4
12 13 18 2 3
10 14 17 2 3
0 10 13 18 3
11 13 18 19 3
0 1 12 15 16
12 17 2 4 5
0 13 16 17 4
0 1 13 16 17
13 14 15 2 3
14 17 19 2 3
10 15 16 3 4
0 14 16 17 3
16 18 2 3 6
1 13 16 17 2
10 11 13 18 19
1 14 17 18 4
11 12 13 18 19
0 1 10 16 18
10 14 18 19 2
1 15 17 19 2
1 13 17 19 3
15 18 19 2 3
15 17 19 3 4
10 16 17 2 3
13 15 19 2 3
11 18 19 3 5
11 12 14 16 3
1 16 17 19 3
0 13 17 19 2
12 13 18 19 2
1 15 16 18 5
10 12 17 18 2
0 1 16 17 2
13 17 18 2 3
11 15 18 19 3
1 17 18 2 5
0 13 15 19 3
1 16 17 18 2
12 16 18 2 3
1 13 14 15 16
0 10 12 15 18
0 10 15 16 3
12 13 15 16 19
10 12 13 3 4
0 10 11 13 16
11 15 16 2 4
10 15 16 2 4
1 12 19 3 5
0 13 18 19 3
0 1 15 16 2
12 14 17 18 2
13 16 18 19 3
10 12 13 16 18
10 14 16 17 2
13 15 17 2 2
0 11 12 13 3
10 12 16 17 18
10 12 17 19 3
13 16 19 2 3
0 11 12 17 3
13 15 17 18 2
14 15 18 19 2
13 15 17 19 2
11 12 14 16 5
11 12 16 18 3
0 15 16 3 5
0 1 15 16 19
0 14 15 17 18
0 11 12 2 3
1 13 14 2 3
0 15 16 2 5
1 10 13 15 19
1 12 13 14 16
0 10 13 16 19
0 1 10 11 16
13 16 17 18 3
12 13 3 4 7
11 12 13 17 18
12 14 15 17 18
10 11 17 18 2
11 14 15 17 19
0 12 13 16 17
0 13 14 18 19
13 14 19 2 3
0 10 11 13 19
13 15 19 2 3
11 16 18 2 3
1 12 15 16 19
18 2 3 4 6
1 12 17 18 19
11 13 14 16 5
15 16 19 3 4
14 16 17 18 4
0 10 12 15 16
11 13 16 19 2
10 15 16 19 3
11 17 18 3 4
1 11 13 16 17
10 15 16 19 3
13 16 18 3 5
0 15 18 2 3
12 13 17 3 4
14 15 18 19 2
11 16 17 18 4
11 17 18 3 4
14 16 19 4 5
1 12 14 16 17
0 10 13 16 17
0 10 12 13 18
11 12 16 19 2
11 13 14 16 17
13 15 16 19 3
0 1 14 16 18
1 11 16 19 2
0 16 17 18 4
15 19 3 4 5
10 12 19 2 5
1 13 16 18 2
10 14 16 18 2
1 13 15 16 18
1 14 16 19 2
17 18 2 3 6
13 19 2 3 5
0 10 16 19 2
10 14 16 17 2
11 14 17 18 2
1 11 13 15 19
1 11 15 18 19
10 11 17 18 3
12 17 18 19 5
12 13 19 3 5
0 1 17 18 2
14 17 19 2 3
1 10 13 15 16
0 11 13 2 3
12 15 16 18 19
13 14 2 3 5
12 13 14 17 17
12 13 17 18 2
1 10 14 16 2
0 10 11 13 2
10 12 13 16 17
14 15 18 19 2
0 1 14 16 17
15 16 19 2 3
17 18 19 2 3
12 16 17 19 4
0 1 16 18 3
1 13 15 18 19
0 1 11 18 19
0 10 12 16 19
10 14 15 16 17
1 11 14 16 19
11 15 16 2 5
0 12 14 16 18
10 12 14 16 19
0 15 16 3 4
1 12 13 14 17
1 14 14 17 18
0 1 16 17 2
11 13 14 16 5
12 13 14 19 2
12 14 16 19 2
1 15 16 19 3
10 12 18 2 3
14 15 19 2 3
16 17 18 2 4
0 14 17 18 4
11 12 14 17 18
15 16 17 4 6
0 12 15 16 17
11 14 15 16 3
10 14 16 18 2
10 11 13 15 3
10 15 16 17 18
1 12 13 13 19
1 13 16 17 3
1 10 12 17 19
0 1 13 15 16
1 10 14 15 18
10 11 13 17 18
0 17 18 2 3
15 18 19 3 4
10 11 18 19 3
1 10 15 16 2
12 14 16 2 5
0 13 14 16 2
13 14 15 16 17
11 13 15 3 5
12 13 2 3 4
13 16 17 2 4
0 12 13 18 2
1 11 13 16 17
10 11 13 15 16
0 1 12 13 14
11 17 18 2 5
1 13 17 18 2
0 15 19 2 3
12 19 2 3 5
11 16 17 2 4
12 13 16 17 2
0 14 16 2 3
15 17 18 2 3
14 16 19 2 5
14 16 18 2 3
11 16 17 4 5
0 1 12 17 18
10 13 14 16 19
10 16 19 2 3
0 12 13 3 4
12 14 17 18 2
11 17 18 19 4
10 12 16 17 2
0 10 13 16 17
0 15 16 4 5
13 15 19 2 3
1 10 17 18 2
13 17 19 3 4
12 13 2 3 4
1 12 18 2 5
14 17 18 3 4
1 15 16 19 2
1 10 18 19 2
13 16 18 2 3
10 13 14 16 5
12 13 16 17 18
0 10 13 3 4
15 18 19 3 6
16 18 19 3 7
0 11 16 17 2
0 13 17 18 19
11 14 15 16 4
0 16 17 2 3
11 16 18 19 3
13 14 16 17 18
1 12 17 18 2
17 18 2 3 5
1 12 13 17 18
10 17 18 2 3
13 15 17 2 2
0 14 16 18 5
16 18 3 4 5
0 11 14 16 2
10 12 17 19 2
12 16 18 19 2
13 15 16 2 4
0 12 16 19 2
11 14 17 18 2
0 13 17 18 5
16 17 18 2 3
12 13 17 3 4
10 12 13 3 4
12 18 2 3 4
13 14 15 16 5
10 13 18 3 4
0 10 12 15 16
10 12 14 17 18
0 12 13 16 18
10 11 12 17 18
1 12 13 2 3
12 15 16 18 2
1 10 12 17 19
15 16 19 2 5
0 10 12 16 4
12 14 15 16 17
0 15 19 3 4
1 15 16 19 3
0 12 14 17 18
0 15 16 17 18
1 11 12 17 18
10 13 17 18 4
14 16 17 18 4
1 17 18 2 3
12 16 17 18 2
15 16 19 2 3
0 13 15 16 19
1 10 12 16 17
12 13 18 2 3
12 13 16 18 19
11 12 14 16 19
1 15 17 2 2
0 11 12 15 16
12 17 18 2 4
10 17 2 3 4
10 11 17 19 2
0 13 14 15 18
13 15 18 19 4
11 14 18 19 4
12 16 17 2 4
15 16 19 2 3
0 15 16 19 3
12 14 16 19 4
10 14 18 19 2
1 11 12 18 19
11 12 15 16 18
10 14 15 2 3
0 12 13 14 19
10 11 12 16 16
15 17 18 19 2
14 16 18 19 2
15 18 19 4 5
16 17 19 2 3
11 14 15 18 19
1 15 16 18 2
0 13 17 19 4
0 10 13 17 18
0 12 13 18 3
0 1 13 16 17
11 16 18 2 3
10 14 15 16 4
0 12 14 16 19
0 14 17 18 3
13 17 18 5 6
14 15 17 18 19
14 16 18 2 3
10 15 18 19 5
1 11 15 17 17
10 12 19 2 3
0 14 17 18 3
14 16 19 2 3
1 14 17 19 2
0 12 15 18 19
0 10 17 18 4
1 12 14 16 17
11 12 16 17 3
0 10 15 16 2
15 17 18 2 3
1 12 13 19 3
10 15 16 17 2
0 13 15 18 19
10 12 15 19 3
13 17 18 2 3
10 12 13 14 16
12 14 16 2 3
12 16 18 2 3
0 12 15 19 3
0 12 13 18 3
10 12 13 14 18
11 13 18 2 3
13 17 19 2 3
1 15 16 2 3
10 16 17 18 4
10 12 18 19 3
10 11 13 19 3
1 14 15 16 18
15 18 19 5 6
0 1 12 17 18
13 15 16 19 3
12 14 15 16 4
0 10 13 14 16
10 17 19 2 3
1 11 12 15 16
12 16 18 2 3
1 17 18 2 3
10 14 16 2 3
12 14 15 17 18
11 13 14 16 16
0 1 14 16 17
11 15 16 17 19
11 12 14 16 18
0 12 13 17 19
1 10 12 18 2
16 17 18 3 5
12 16 18 19 3
10 12 13 18 19
0 1 11 12 4
10 12 13 18 2
12 13 19 2 3
11 17 18 2 3
10 14 18 19 3
11 14 16 18 7
13 17 18 5 6
0 1 11 12 17
12 15 16 2 5
12 16 17 18 2
10 12 16 2 4
1 14 15 18 19
1 12 14 16 2
10 11 12 13 14
1 15 17 18 2
11 13 19 2 3
0 1 10 18 19
14 16 18 3 4
17 18 3 4 5
1 15 16 19 2
1 10 11 12 13
1 12 13 17 18
0 14 16 17 3
1 15 16 17 19
10 15 16 19 5
11 17 18 2 3
0 11 14 16 18
1 10 13 15 16
0 10 13 15 16
12 13 15 16 2
1 12 15 16 3
1 10 13 15 16
0 14 15 16 17
16 17 18 4 6
10 11 12 2 3
11 12 13 19 3
13 19 3 4 5
15 16 18 2 3
14 15 18 2 3
14 17 19 2 3
12 13 16 17 4
1 16 19 2 3
11 14 15 18 19
17 18 19 2 3
0 1 12 14 16
1 11 12 15 16
10 13 16 18 3
10 11 14 16 17
1 12 15 16 3
0 16 17 2 3
13 14 16 4 5
0 13 14 16 18
11 15 17 18 4
0 10 17 19 2
10 12 13 17 18
11 18 19 3 4
12 13 15 19 3
14 15 18 2 3
13 18 19 2 3
10 13 15 19 2
1 15 17 19 3
11 13 16 17 2
0 11 15 17 18
10 11 18 19 3
13 14 17 19 3
0 14 16 18 3
0 10 13 16 17
0 13 17 18 4
1 10 15 17 18
0 13 14 19 2
10 14 15 19 3
1 11 14 16 2
0 1 12 19 2
13 14 18 19 2
0 1 12 14 17
1 12 13 3 4
1 13 14 18 19
1 11 12 14 16
10 14 16 19 2
16 18 19 3 4
1 11 12 17 2
10 18 19 3 4
0 13 17 18 4
13 16 18 3 4
0 10 16 17 2
0 1 11 13 3
13 18 19 3 4
0 15 16 19 5
1 15 16 19 7
0 1 10 11 13
10 12 13 2 3
14 15 19 3 4
0 11 12 14 16
14 16 17 3 4
0 12 13 16 2
10 14 16 2 4
16 18 2 3 4
0 10 14 16 3
0 14 16 17 19
0 11 14 16 17
0 10 13 14 16
11 13 15 19 2
10 12 14 15 17
12 13 13 19 2
16 17 18 2 3
10 15 19 2 3
1 10 11 12 3
1 16 18 2 4
11 15 16 19 2
0 1 12 17 18
15 18 19 3 4
10 12 16 18 19
0 1 17 18 3
1 13 14 18 2
0 1 15 16 18
10 15 17 19 2
1 15 16 17 18
12 14 16 17 3
16 18 19 2 3
0 1 10 12 13
0 10 14 15 18
0 10 16 17 2
13 14 17 18 19
0 15 17 19 2
13 15 17 19 2
0 11 14 16 18
0 1 15 16 2
11 13 19 2 3
1 10 2 3 4
1 13 15 16 2
1 12 17 19 2
0 10 15 19 2
0 14 16 19 4
12 13 14 16 2
1 14 16 17 19
0 10 12 4 5
10 13 19 2 3
13 16 18 19 3
0 11 13 17 18
11 15 16 2 5
1 15 17 18 2
11 12 17 18 19
10 11 12 13 19
13 14 18 2 3
13 14 19 2 3
10 12 19 2 7
10 11 16 19 2
1 11 17 3 4
0 1 10 12 17
1 12 13 18 3
11 12 15 18 19
0 13 16 18 2
1 12 16 18 19
12 15 18 2 3
1 10 12 18 19
15 16 19 2 3
1 13 17 18 4
0 10 14 16 17
0 1 14 17 19
12 14 15 18 19
13 14 16 2 5
12 15 17 18 3
0 15 16 2 5
11 14 15 16 2
0 1 11 16 19
11 12 17 18 3
1 11 14 16 19
0 14 16 17 4
0 10 11 13 18
1 10 17 19 2
0 10 12 17 18
1 14 16 17 4
10 16 18 3 4
13 14 16 19 3
10 16 18 19 5
14 15 17 18 4
14 15 19 2 3
13 17 2 3 4
0 10 11 16 17
11 17 18 4 5
12 13 14 17 18
10 17 18 2 4
12 13 17 19 2
0 1 11 18 4
15 17 18 3 4
13 14 17 19 2
10 16 19 2 3
11 14 15 17 18
0 1 16 19 3
1 10 15 16 3
13 14 17 18 2
10 17 18 4 5
11 14 18 19 2
0 15 16 17 2
11 14 15 16 3
16 18 19 2 3
0 17 18 3 4
1 10 13 3 4
10 12 2 3 4
14 16 18 19 3
1 15 16 18 3
0 10 18 2 3
10 11 15 16 2
10 13 14 18 19
11 15 19 4 5
14 15 18 19 2
0 1 11 12 16
0 10 4 5 6
11 17 19 2 3
10 15 17 19 2
0 10 15 16 18
0 1 16 17 18
11 17 18 3 4
1 18 19 3 4
10 16 17 3 4
10 16 18 3 3
