10 12 12 13 14 15 18 2 3 4
13 14 16 17 2 3 4 5 7 8
11 13 13 18 19 2 5 6 7 8
11 11 12 15 16 16 17 3 5 6
1 10 11 13 14 16 16 5 6 9
10 14 14 16 17 2 4 6 9 9
10 11 11 14 15 16 16 3 5 6
1 15 15 17 2 4 5 6 8 9
1 10 12 14 17 18 19 4 5 6
0 10 10 13 15 17 17 4 6 8
0 10 12 15 19 2 4 5 7 8
1 12 13 17 17 19 4 6 7 8
0 1 10 12 13 14 16 4 5 8
0 10 13 15 16 18 19 2 7 8
10 13 14 15 18 18 3 4 6 9
1 10 15 16 2 2 5 6 7 8
12 13 16 18 19 19 7 8 9 9
1 14 15 16 18 19 2 3 4 6
0 10 13 16 3 4 5 7 8 9
1 10 11 13 17 4 6 7 8 9
0 14 14 15 17 17 18 4 6 7
10 10 12 13 14 15 19 2 6 9
11 14 15 17 18 18 19 17 18 6
0 12 16 18 19 2 3 5 6 9
1 11 14 14 18 3 4 5 8 9
0 1 10 12 13 15 16 2 5 8
11 13 14 15 18 3 5 6 7 8
0 1 14 14 16 17 2 5 6 8
10 13 14 17 18 19 2 4 8 9
1 10 11 14 2 3 5 6 7 8
10 11 13 14 2 5 6 7 9 9
0 10 16 19 19 2 4 6 7 8
0 13 15 4 5 6 7 8 9 9
1 13 12 13 15 18 4 6 7 8
0 1 10 13 14 3 4 5 6 9
12 12 12 13 14 18 19 2 4 8
0 1 12 14 16 17 3 8 9 9
1 14 15 17 19 3 5 6 7 8
1 12 12 14 16 2 4 5 6 7
0 1 12 12 14 19 2 3 4 6
0 10 10 12 13 18 19 2 4 6
0 11 12 14 17 3 4 5 8 9
12 14 17 2 3 6 7 8 9 9
10 11 12 13 15 16 19 4 6 8
10 10 13 15 15 16 19 2 6 7
10 10 14 15 16 18 2 3 5 6
0 1 11 12 16 17 5 6 8 9
0 14 15 16 17 2 4 5 6 8
10 12 13 15 16 18 19 3 5 8
0 13 14 17 2 4 5 6 7 9
0 10 14 15 18 18 2 4 5 8
0 1 11 14 17 18 3 6 7 9
0 14 14 15 17 2 6 7 9 9
0 10 18 19 4 5 6 8 9 9
10 13 16 18 19 4 7 8 9 9
12 13 14 17 2 3 4 7 8 9
1 11 16 17 18 3 6 7 9 9
0 1 10 10 14 15 16 16 18 9
12 17 18 19 2 3 4 5 6 8
12 15 18 19 3 5 6 7 8 9
10 13 17 18 19 3 4 6 7 8
14 16 17 17 3 3 5 6 7 8
1 10 11 13 12 13 18 3 6 7
0 17 18 2 3 4 7 8 9 9
0 10 10 12 15 18 3 4 6 8
0 11 13 14 14 16 17 19 2 9
12 14 14 16 17 19 3 5 7 8
11 13 16 2 2 4 7 8 9 9
15 17 18 19 2 3 4 5 7 8
10 11 13 15 15 2 3 6 7 8
0 11 13 16 17 2 3 4 5 9
0 10 12 13 14 18 19 4 6 7
0 12 13 15 16 19 19 4 6 7
0 1 10 17 17 3 5 5 7 8
13 14 16 17 17 19 4 6 7 8
0 12 12 13 15 19 2 6 7 9
12 13 15 15 2 5 6 8 9 9
10 11 12 15 19 19 3 4 6 8
1 1 14 15 3 3 4 5 6 9
12 12 15 2 3 4 5 7 8 9
0 11 12 13 15 19 2 4 8 9
0 10 12 13 15 16 2 3 6 8
13 14 15 16 18 19 2 3 4 5
13 15 3 3 5 6 7 8 9 9
13 13 14 15 15 17 19 5 7 8
1 1 11 12 15 15 19 6 7 8
1 1 10 15 15 18 3 4 7 8
0 11 12 13 16 18 19 2 5 6
0 10 10 13 15 17 2 3 6 7
0 10 17 18 19 4 6 7 8 9
12 15 16 17 19 2 3 4 5 6
0 1 11 13 14 15 19 4 5 8
1 11 12 13 15 16 18 19 3 4
10 10 14 17 17 19 5 6 8 9
1 1 13 14 16 18 19 2 6 7
0 1 16 17 2 2 6 7 8 9
1 11 13 16 17 18 7 8 9 9
1 10 12 13 12 18 3 3 4 8
10 11 12 12 15 17 2 3 8 9
0 13 15 15 16 17 18 3 5 6
0 0 11 13 14 17 17 2 6 9
10 11 12 14 18 2 3 6 7 9
0 13 14 18 18 3 3 4 6 8
12 14 14 17 18 19 3 6 7 8
0 1 17 2 3 4 5 6 9 9
1 1 11 14 17 19 2 9 9 9
0 12 13 15 18 19 2 2 8 9
0 10 11 18 19 2 3 7 8 9
1 18 19 3 5 6 7 8 9 9
1 10 12 14 15 19 2 3 4 8
0 0 15 16 17 19 19 6 7 8
0 12 12 13 14 15 17 2 4 6
0 16 19 19 4 6 7 8 9 9
11 14 15 15 15 17 3 6 7 8
1 12 12 14 18 2 3 4 6 7
1 10 12 12 13 15 2 4 5 9
10 12 13 18 2 4 4 5 6 8
0 1 14 14 19 19 3 4 9 9
0 10 11 11 13 14 15 6 8 9
1 1 15 16 3 4 6 7 9 9
0 11 12 15 17 18 4 7 8 9
10 13 14 15 16 18 18 19 4 6
12 13 14 16 17 18 3 6 7 8
1 1 1 13 15 18 18 5 8 9
0 10 11 13 16 2 4 4 5 9
10 15 17 18 19 3 4 7 8 9
11 12 14 17 19 19 4 6 7 9
1 10 11 12 14 3 3 4 5 9
12 13 17 19 2 3 4 5 8 9
10 10 13 14 15 16 19 5 6 8
10 14 17 3 4 6 7 8 9 9
1 11 15 18 19 2 2 7 8 9
10 11 15 16 19 19 2 3 5 6
0 10 11 12 13 14 14 18 7 9
0 16 19 19 2 4 5 8 9 9
0 14 16 17 19 19 2 4 6 7
1 10 12 14 15 17 19 3 4 7
0 10 14 14 18 19 4 6 8 9
1 1 13 14 15 18 3 7 8 9
1 11 15 15 19 2 3 6 7 8
0 13 17 18 18 4 5 6 8 9
12 12 13 3 3 5 6 7 8 9
1 12 12 12 12 13 16 18 3 5
12 13 15 15 19 2 5 5 6 8
0 12 13 14 17 17 18 4 6 9
0 1 10 13 14 15 19 4 5 8
11 12 14 15 3 5 5 6 8 9
1 12 16 18 19 2 5 6 7 8
1 1 10 11 12 18 3 4 5 8
0 1 11 15 15 16 18 3 4 7
10 11 14 15 18 3 3 5 7 8
10 11 11 15 16 17 19 2 3 9
10 13 17 17 18 17 4 5 6 8
12 14 14 16 18 18 2 3 6 7
0 1 13 15 16 18 3 4 7 8
11 13 14 14 16 16 5 6 9 9
11 14 14 16 16 4 5 6 8 9
0 14 15 18 2 4 4 5 7 8
0 12 16 17 18 17 18 4 6 7
1 11 12 14 17 19 3 4 7 8
0 1 10 12 17 2 3 5 6 8
0 16 17 17 3 5 6 8 9 9
12 12 13 17 3 5 7 9 9 9
1 10 12 13 14 17 17 4 6 9
1 10 12 15 19 2 3 3 4 7
1 10 12 13 13 17 2 4 6 7
1 15 17 17 2 3 4 5 7 8
0 10 11 17 2 3 6 7 8 9
13 14 15 17 18 19 19 6 7 8
12 13 15 17 19 4 6 7 8 9
12 14 17 17 17 18 4 7 8 9
0 15 16 3 4 5 6 7 8 9
1 12 14 17 19 3 5 6 8 9
10 14 15 18 2 3 4 7 9 9
12 16 19 19 2 4 5 6 9 9
10 11 16 17 2 4 4 8 9 9
0 10 11 12 14 2 2 6 8 9
0 0 11 12 15 16 19 2 5 6
1 10 13 15 19 2 3 5 6 7
0 12 12 14 15 16 19 2 3 7
0 12 15 17 18 3 5 8 9 9
1 10 12 13 15 17 2 5 6 9
0 10 12 13 14 15 19 5 6 9
1 13 17 17 3 4 4 7 8 9
0 12 14 14 16 3 4 5 6 8
10 11 10 11 15 2 5 6 7 8
0 10 10 12 13 16 18 18 2 9
0 0 15 17 19 2 4 7 8 9
0 10 10 12 15 16 2 3 4 4
0 11 13 15 17 18 4 5 6 9
0 0 12 16 3 5 6 8 9 9
0 10 11 14 15 19 4 6 8 9
0 10 14 18 19 5 5 8 9 9
12 13 15 16 19 4 5 6 7 8
10 10 13 16 18 19 2 7 8 9
10 11 12 14 14 16 18 19 8 9
11 12 12 17 18 19 19 2 4 8
0 10 11 15 16 15 16 2 7 8
11 13 14 14 18 19 3 6 8 9
10 13 14 18 18 19 2 4 6 8
0 12 14 19 19 2 4 5 6 8
1 11 12 14 15 3 3 6 7 8
1 11 13 16 17 19 3 4 5 8
0 1 10 12 18 19 4 5 9 9
12 14 17 17 18 2 5 6 8 9
10 13 13 16 17 19 4 5 6 9
1 10 14 16 16 2 4 5 6 9
1 10 12 14 16 17 19 5 6 8
1 13 15 16 17 18 6 7 8 9
1 11 13 14 16 17 18 4 5 8
0 11 12 14 15 15 16 3 4 7
11 15 15 2 2 3 5 6 7 8
0 12 15 2 3 4 4 7 8 9
0 10 10 15 15 4 5 6 7 8
11 10 11 13 13 19 3 4 5 6
1 1 10 15 15 16 19 19 9 9
10 11 12 17 3 6 7 9 9 9
0 13 15 16 17 4 5 6 7 8
10 13 18 19 19 2 4 5 7 8
12 12 12 13 14 15 18 3 3 4
0 1 12 14 15 16 3 7 8 9
0 1 10 11 13 15 2 3 8 9
1 12 14 14 15 16 18 2 4 5
1 1 11 14 16 18 19 2 6 7
1 12 13 14 17 17 3 4 5 6
1 11 13 14 15 18 4 6 9 9
0 1 10 11 12 14 15 17 4 6
0 1 10 12 17 17 4 5 6 8
0 1 11 14 3 4 5 6 7 8
1 12 15 18 18 19 7 8 9 9
1 17 19 2 2 3 4 5 6 7
0 12 13 2 3 7 8 9 9 9
1 15 15 17 18 19 2 5 7 8
0 10 10 14 15 16 17 3 6 7
0 12 12 14 3 4 5 7 8 9
0 11 11 16 19 2 4 6 7 8
0 12 13 17 19 2 3 4 5 6
0 1 13 17 2 3 4 5 8 9
11 11 12 13 14 18 3 3 5 6
10 10 11 12 14 14 15 18 2 4
0 10 18 19 2 3 5 6 7 8
0 1 10 11 11 13 16 18 3 6
0 1 13 15 18 19 5 6 7 8
0 11 14 15 17 18 2 9 9 9
0 1 10 15 2 3 7 7 9 9
1 11 12 14 15 16 19 3 4 6
12 12 16 17 19 19 3 4 5 6
0 12 13 14 16 17 3 4 6 8
0 10 11 12 15 16 19 2 5 9
11 11 11 13 17 3 3 4 5 8
0 10 16 16 17 18 2 2 5 6
0 1 10 12 17 18 5 6 7 9
0 1 10 11 14 16 2 2 6 7
0 10 13 16 17 2 5 6 7 9
1 10 11 12 18 19 19 2 3 6
1 1 1 10 11 12 14 15 9 9
10 11 12 12 14 2 4 4 6 7
0 13 14 15 17 3 4 5 6 8
1 10 11 14 14 15 17 6 8 9
10 11 16 18 19 19 2 6 8 9
11 19 2 4 5 6 7 8 9 9
0 1 1 14 15 16 17 2 9 9
1 12 17 19 3 3 4 5 8 9
0 11 14 17 17 19 4 5 6 7
12 15 18 3 4 6 7 8 9 9
10 10 11 15 19 2 3 6 7 8
0 10 11 12 12 13 15 16 18 8
0 10 18 19 3 6 7 8 9 9
1 11 12 14 17 19 4 5 7 8
11 12 18 18 2 3 4 5 6 8
1 1 10 11 15 3 4 5 6 7
0 11 11 12 18 19 2 3 5 6
1 11 12 12 19 2 5 8 9 9
10 19 19 2 4 5 6 7 8 9
0 11 12 14 14 15 16 2 4 5
0 11 14 15 16 6 7 8 9 9
12 13 14 14 16 17 18 2 5 7
0 11 11 13 16 16 19 3 5 6
1 1 1 13 15 16 19 8 9 9
10 15 17 17 19 2 3 4 6 7
1 12 15 15 17 17 19 3 6 8
0 1 11 13 3 4 5 6 8 9
10 13 13 15 16 18 4 5 7 8
1 10 14 16 16 17 4 5 6 7
0 11 12 14 15 16 18 2 5 6
0 13 14 14 16 18 2 4 7 8
0 1 11 13 17 19 2 5 7 9
0 11 12 18 18 2 4 5 8 9
10 11 13 14 17 2 7 8 9 9
0 1 10 11 12 15 15 15 16 18
10 11 12 12 13 14 16 19 5 6
0 11 16 19 2 3 6 6 9 9
1 10 11 13 14 3 8 9 9 9
1 11 14 17 18 19 2 4 5 6
11 13 14 16 18 19 4 6 7 8
12 11 12 14 18 3 5 6 7 8
11 17 2 5 6 7 8 9 9 9
0 11 13 14 18 19 2 7 8 9
0 1 1 11 14 15 17 18 19 5
1 12 17 18 2 3 4 7 8 9
1 1 10 11 19 2 4 5 6 9
1 11 12 13 17 18 19 4 7 8
0 18 19 2 3 4 6 7 9 9
0 1 12 12 13 12 13 14 18 4
0 1 12 14 15 16 17 6 7 9
10 12 15 16 2 4 5 6 8 9
0 1 14 14 14 18 4 5 6 7
11 12 13 14 16 2 5 5 6 8
10 12 16 17 18 3 4 5 7 8
12 15 16 17 3 4 4 5 7 8
1 13 14 15 17 18 19 19 4 8
0 13 14 15 16 3 3 4 5 9
0 1 11 1 15 16 3 5 6 9
1 10 10 14 15 3 3 4 8 9
0 1 16 16 19 2 4 4 7 8
0 1 12 14 15 18 4 6 8 9
1 11 13 16 19 3 6 7 8 9
1 1 10 14 17 17 19 3 4 6
0 10 11 18 19 4 6 7 8 9
0 1 13 14 17 17 2 4 9 9
0 1 13 16 17 19 2 3 4 5
12 12 16 17 2 3 4 5 6 8
1 10 10 11 15 16 2 3 6 8
0 1 11 13 17 18 19 3 4 4
1 1 14 16 18 18 19 5 7 8
10 12 14 17 18 19 4 6 7 8
0 13 13 14 19 3 4 5 6 7
11 15 16 19 19 19 2 5 6 8
0 1 12 19 2 3 5 7 8 9
0 1 12 16 19 2 3 6 9 9
10 10 14 16 19 5 7 8 9 9
11 13 13 15 16 3 4 6 7 9
0 1 13 15 16 17 2 2 6 8
10 10 15 15 18 18 18 19 5 9
13 13 15 16 17 18 2 4 9 9
10 11 15 15 17 2 4 5 8 9
11 15 16 17 2 3 4 7 7 9
1 12 19 2 3 5 6 8 9 9
0 10 11 13 13 15 3 4 6 9
1 1 13 14 15 17 2 3 4 8
15 16 17 18 19 2 3 5 6 9
14 14 15 17 18 18 19 2 6 7
0 11 14 14 14 16 17 2 4 9
0 10 12 12 15 18 2 2 6 7
10 12 13 2 3 5 6 7 8 9
1 11 15 17 18 18 19 7 8 9
1 11 12 14 16 16 4 5 8 9
0 10 11 13 14 18 3 3 6 8
13 16 19 2 5 6 7 9 9 9
10 14 16 17 3 3 6 7 9 9
0 1 10 10 11 15 3 5 7 9
0 12 12 16 17 18 18 6 7 9
10 11 12 12 13 18 2 3 8 9
0 10 11 14 14 15 3 3 6 8
11 15 17 19 2 3 5 6 8 9
0 10 15 17 18 3 3 7 8 9
1 1 11 12 16 2 3 4 5 6
13 15 17 18 2 3 4 7 8 9
0 13 13 14 18 3 4 6 7 8
1 10 11 14 15 16 17 19 4 8
0 10 11 15 15 17 2 3 6 9
15 16 17 18 18 4 6 8 9 9
1 10 15 15 16 18 19 2 4 9
0 1 10 12 13 17 2 8 9 9
0 11 11 14 15 16 17 4 7 8
0 1 10 13 14 15 17 19 6 8
10 14 14 15 16 19 4 5 7 8
10 11 18 18 18 2 3 4 5 8
10 11 13 14 17 18 19 19 2 9
0 13 14 17 17 19 5 6 8 9
1 11 17 18 19 4 6 7 9 9
0 13 14 15 18 19 6 7 8 9
0 10 14 17 18 19 7 8 9 9
0 1 10 13 15 15 4 6 7 8
11 11 15 15 4 5 6 7 8 9
1 12 12 14 15 16 18 3 6 7
0 1 12 13 6 8 9 9 9 9
0 1 14 15 17 19 3 4 6 8
14 16 19 4 5 6 7 8 9 9
0 1 10 10 14 15 16 8 9 9
1 14 17 17 18 2 4 6 7 8
1 14 15 15 17 18 2 4 6 7
1 1 10 12 17 17 4 6 8 9
1 12 13 16 17 17 18 4 7 8
1 1 12 12 17 17 18 3 6 7
10 12 14 14 17 18 2 2 5 7
10 11 13 14 18 2 5 7 7 9
11 13 13 18 2 3 2 3 4 5
1 1 10 11 12 15 16 17 18 9
11 12 13 14 18 3 4 5 6 9
11 14 16 17 18 3 6 7 9 9
0 1 13 13 15 3 4 6 7 9
10 12 13 12 17 17 17 6 7 9
0 12 15 16 17 2 3 3 4 9
12 15 16 17 19 2 3 4 6 7
1 1 10 13 18 19 4 5 6 8
0 12 13 15 15 19 19 5 6 7
1 10 12 13 17 17 5 6 8 9
0 1 13 13 15 17 18 18 19 2
0 12 13 14 15 16 19 2 6 9
0 0 11 11 17 6 7 8 9 9
10 13 13 17 18 18 3 9 9 9
0 11 18 3 5 6 7 8 9 9
1 12 16 16 16 19 2 3 6 7
12 13 14 15 2 4 5 6 7 8
12 13 15 15 16 17 19 3 4 6
12 13 14 14 2 3 4 6 7 9
13 15 15 19 19 3 3 4 5 8
0 10 10 10 15 17 17 19 5 8
12 15 17 19 5 6 7 8 9 9
1 12 13 14 15 18 19 2 3 6
10 10 12 13 14 14 2 5 6 7
0 11 13 14 15 19 2 6 8 9
0 10 10 13 15 16 17 18 2 5
0 10 10 12 14 15 16 19 4 9
1 10 15 16 16 18 19 5 6 9
1 10 11 12 13 16 5 6 7 8
1 10 12 12 15 17 19 3 5 7
0 1 1 11 14 15 15 16 5 9
10 11 19 3 5 6 7 8 9 9
0 1 10 10 15 16 19 2 5 6
1 1 13 17 19 2 4 7 8 9
0 10 10 14 15 19 2 6 7 9
1 11 11 16 16 18 3 5 6 7
10 14 15 17 18 19 5 8 9 9
12 17 19 19 4 6 7 8 9 9
13 14 15 15 16 19 3 5 6 7
1 11 13 14 16 18 19 3 5 6
1 1 13 14 15 17 19 4 6 9
1 10 10 14 16 18 2 3 5 9
0 1 13 15 18 19 3 3 5 8
0 11 12 13 15 4 5 6 8 9
0 0 15 16 17 18 19 19 6 8
1 10 13 13 15 16 17 2 6 8
11 12 12 14 17 2 4 5 6 8
0 12 14 16 16 17 4 6 7 9
14 16 16 19 3 3 4 6 7 9
0 1 10 12 17 18 2 3 4 6
10 11 17 3 3 3 5 6 7 8
1 10 11 14 16 18 2 3 3 5
1 11 14 15 17 17 18 4 9 9
0 11 12 15 3 4 5 6 8 9
11 13 13 16 17 4 6 8 9 9
11 14 16 18 18 19 4 4 5 9
0 10 13 14 15 16 2 5 6 7
1 10 11 15 16 17 19 4 5 6
1 14 15 16 18 3 4 4 7 8
12 13 15 17 3 3 4 6 7 8
10 12 14 15 16 16 19 2 5 9
10 14 14 14 15 16 19 19 3 6
0 12 16 19 4 5 7 8 9 9
1 12 14 15 18 19 3 4 5 6
10 11 12 13 15 15 16 19 6 7
14 15 16 18 19 6 7 9 9 9
0 11 13 14 15 19 5 6 8 9
0 1 11 12 13 16 19 2 5 8
0 0 11 11 16 18 18 5 7 8
0 1 1 13 18 18 4 5 6 9
1 10 13 17 3 3 5 6 7 9
0 11 12 14 17 3 4 5 7 8
1 13 14 16 17 2 4 7 8 9
0 1 12 17 18 2 5 6 7 8
0 1 12 13 15 17 18 3 6 7
0 13 16 17 18 19 19 4 6 7
1 10 11 12 13 14 4 5 6 8
1 10 14 15 18 18 3 3 4 5
10 10 11 12 13 16 17 18 8 9
1 11 11 14 15 19 2 5 6 7
1 11 13 14 15 15 2 4 5 6
0 12 14 15 17 19 5 6 9 9
1 15 16 19 19 2 3 4 6 9
0 14 15 16 17 19 19 3 5 6
12 13 14 15 18 19 3 4 6 7
1 12 14 16 17 3 4 5 9 9
0 1 10 12 13 18 18 2 4 6
0 1 1 12 15 18 2 4 6 8
13 14 15 17 17 19 2 3 3 9
10 12 12 15 17 18 19 2 4 7
10 10 12 13 14 18 4 6 7 8
0 12 13 14 15 16 19 5 6 8
12 12 16 18 2 4 5 6 8 9
0 1 13 15 18 2 3 4 4 8
0 1 10 14 14 15 16 6 7 8
1 13 14 15 15 16 18 5 6 7
10 12 16 3 5 6 7 8 9 9
1 13 15 16 17 2 5 8 9 9
0 10 10 12 16 3 3 6 8 9
11 16 18 19 3 3 4 7 8 9
0 11 14 15 15 2 3 7 8 9
0 10 11 13 19 3 5 7 8 9
0 10 10 14 18 2 4 5 6 9
10 11 12 17 18 4 6 8 9 9
0 10 13 15 17 3 6 7 9 9
0 11 13 14 2 2 4 6 8 9
0 1 16 16 17 17 2 5 6 8
0 11 12 19 3 3 5 6 7 9
16 17 18 18 19 2 7 8 9 9
10 11 13 14 16 19 2 4 5 6
10 12 17 3 3 5 6 8 9 9
0 10 12 12 13 18 18 2 4 8
13 14 18 19 3 4 5 7 8 9
11 12 16 19 3 5 6 7 8 9
10 11 12 14 17 19 2 6 7 9
0 13 14 15 16 18 18 5 6 9
0 2 3 3 5 6 7 9 9 9
1 11 14 14 15 17 17 2 4 5
10 11 12 15 16 2 4 8 9 9
11 11 17 18 19 3 3 6 7 9
1 11 14 16 17 19 6 7 8 9
1 11 14 14 17 19 6 7 8 9
1 1 11 14 15 16 2 3 6 7
1 10 11 12 14 15 15 3 4 5
0 1 11 12 14 16 3 4 6 7
0 0 11 12 19 19 2 3 6 8
1 12 13 14 17 18 2 2 6 8
11 13 2 3 4 5 6 7 8 9
0 12 13 17 19 5 6 7 8 9
10 10 14 18 4 5 6 8 9 9
0 10 11 19 19 3 5 6 8 9
0 1 12 15 15 2 2 4 6 7
1 1 1 12 15 18 3 3 8 9
0 10 11 12 13 15 2 4 5 6
0 10 11 12 16 17 17 18 5 8
10 11 12 15 18 18 19 5 6 8
1 11 14 16 17 18 19 2 4 8
1 10 11 13 6 6 7 8 9 9
0 10 10 12 15 15 17 18 6 7
1 10 13 15 19 3 3 4 5 9
10 15 18 19 2 5 6 7 9 9
0 0 11 12 13 16 16 6 7 9
0 10 14 16 19 19 6 8 9 9
0 1 12 13 17 18 4 5 6 8
0 1 10 10 11 13 15 17 5 6
1 10 12 13 16 19 2 5 8 9
1 1 12 13 12 13 15 4 6 9
11 12 14 14 18 18 19 4 4 9
12 13 16 18 2 2 3 5 6 7
11 11 14 15 16 3 4 6 8 9
14 14 15 18 19 2 3 4 5 6
11 12 14 15 16 18 19 4 9 9
0 1 11 14 15 17 19 2 3 3
13 15 3 5 5 6 7 8 9 9
0 1 12 16 19 3 5 6 7 8
1 14 16 18 4 5 6 7 8 9
1 13 14 18 18 2 3 4 7 8
0 1 11 13 15 17 3 4 5 9
0 11 12 14 15 17 18 4 5 9
11 11 14 16 18 19 4 6 7 8
10 13 15 2 3 4 6 6 7 9
0 1 10 14 14 17 18 5 6 8
0 10 10 12 14 16 19 19 4 8
10 11 12 14 15 15 16 17 19 3
0 11 12 14 14 17 3 5 7 9
11 11 13 15 16 19 19 3 8 9
0 10 11 12 14 15 15 3 6 8
10 11 13 14 14 15 5 6 7 8
11 14 14 15 16 17 18 2 3 6
12 14 16 16 18 3 4 6 7 8
10 10 14 15 16 18 19 2 4 9
1 11 12 13 14 3 4 6 7 8
1 10 11 13 16 18 19 6 7 8
0 1 12 16 18 18 4 5 6 7
11 12 14 15 16 18 2 3 6 7
0 13 13 14 16 19 3 4 5 8
0 11 11 17 19 2 19 6 9 9
1 1 11 12 13 16 19 4 5 9
1 14 16 2 4 6 7 9 9 9
12 13 15 16 19 19 3 4 6 8
1 10 11 13 16 19 5 7 9 9
1 12 13 14 15 16 17 19 2 4
11 12 13 15 15 19 19 2 5 7
1 10 12 14 14 18 3 3 5 8
10 12 16 17 19 3 4 9 9 9
0 1 19 2 4 4 5 7 8 9
0 14 17 18 19 4 5 6 7 8
1 10 12 12 15 19 2 3 8 9
0 1 10 12 13 14 15 16 3 4
0 10 12 13 14 18 19 5 6 7
1 12 16 16 17 18 3 5 6 8
1 11 13 14 17 17 3 4 5 8
0 1 10 11 15 16 18 2 2 6
0 12 14 15 16 18 4 6 7 8
0 1 10 15 16 19 19 4 6 8
0 10 12 16 16 18 3 5 6 9
11 15 16 18 19 19 3 6 9 9
0 11 12 13 15 16 19 2 4 6
0 1 1 14 15 15 18 19 3 8
1 14 15 15 16 17 4 6 7 9
11 12 13 16 17 2 5 7 9 9
0 10 10 13 18 2 5 6 8 9
10 10 16 2 3 5 6 7 8 9
1 12 13 16 16 19 2 9 9 9
1 11 11 12 13 14 16 17 18 5
1 13 15 16 18 19 2 5 7 8
0 12 12 12 16 19 3 4 5 9
10 13 15 19 19 3 4 5 7 8
0 1 12 15 17 18 5 6 8 9
11 11 15 2 3 4 6 8 9 9
11 12 16 18 18 2 6 7 8 9
12 12 12 13 17 19 3 3 4 5
0 14 16 18 19 2 3 6 7 8
0 1 12 13 13 15 4 5 8 9
0 10 11 12 13 14 16 3 7 8
12 13 15 18 19 2 4 6 8 9
0 1 15 16 19 19 3 6 7 8
1 12 13 15 16 19 19 4 7 8
0 1 16 17 19 2 3 4 6 7
11 15 18 19 4 6 7 9 9 9
0 0 13 15 19 19 2 4 7 8
1 10 12 13 16 18 18 19 6 9
1 10 11 14 15 17 18 2 3 4
0 10 13 17 2 3 7 8 9 9
0 10 12 2 3 4 5 7 8 9
12 13 16 17 2 3 4 6 8 9
1 10 10 13 14 15 19 2 5 7
10 14 15 15 18 19 3 5 6 7
1 11 11 14 18 2 4 8 9 9
1 1 10 12 15 16 19 2 3 8
10 11 13 13 18 18 2 5 6 7
1 12 16 17 18 3 4 5 7 9
0 13 16 16 2 2 3 4 6 7
0 1 10 16 18 18 19 5 6 6
0 0 3 4 5 6 7 8 9 9
0 13 16 16 19 2 4 5 6 9
0 1 13 14 16 17 18 2 3 8
0 10 14 17 4 7 8 9 9 9
1 11 14 14 15 16 19 2 7 9
12 12 17 19 2 3 3 5 6 8
0 11 16 19 19 2 3 4 6 8
0 10 11 12 13 14 15 18 3 3
1 10 16 4 4 6 7 9 9 9
0 11 11 13 14 15 16 18 4 7
0 1 15 15 17 19 5 6 8 9
0 1 15 17 19 3 4 4 8 9
0 10 12 16 17 3 3 7 8 9
0 10 13 14 17 18 19 3 5 9
1 13 14 15 2 3 4 5 9 9
11 13 13 17 2 3 4 7 8 9
11 12 12 14 18 19 2 7 8 9
10 11 12 13 15 16 2 4 5 9
10 11 12 13 15 18 2 5 6 9
11 13 16 19 2 4 6 7 8 9
1 10 11 16 5 6 7 8 9 9
0 1 1 16 19 19 6 8 9 9
0 12 16 16 18 19 4 5 7 8
11 12 14 16 16 3 4 5 6 9
0 1 10 11 14 16 2 4 4 8
1 1 11 15 15 15 17 3 4 6
13 14 16 16 19 3 5 6 7 8
1 13 17 18 17 18 4 5 6 8
0 12 14 15 19 3 3 7 8 9
0 1 11 14 15 18 19 3 3 8
0 1 11 10 11 14 18 4 8 9
0 14 16 16 18 19 4 6 7 8
1 10 12 14 16 18 3 7 8 9
1 1 12 15 16 16 3 6 7 8
0 12 13 14 17 17 2 5 6 8
0 12 12 17 17 19 4 5 6 7
1 12 13 15 15 16 17 2 6 9
13 13 14 16 16 19 5 6 8 9
10 10 14 16 17 19 2 7 8 9
0 11 12 12 13 15 3 5 8 9
11 14 16 17 18 19 3 5 7 8
0 1 10 12 13 14 15 2 4 6
10 10 12 13 14 15 16 17 4 6
13 15 16 17 18 19 4 5 8 9
0 10 11 12 13 15 17 19 3 4
11 13 16 17 18 4 5 6 7 9
0 1 11 12 15 16 18 3 5 9
0 10 13 14 17 19 2 3 6 6
0 10 19 3 3 4 5 6 7 9
0 0 16 17 3 3 4 5 6 7
0 0 10 15 16 18 4 6 7 8
11 14 15 17 17 18 2 4 5 6
0 1 13 15 17 17 3 5 6 7
10 11 14 14 2 3 4 4 6 9
12 13 15 17 19 2 4 5 6 8
12 16 17 18 19 2 4 5 6 7
1 11 12 15 17 4 6 7 8 9
0 10 10 15 16 4 6 7 8 9
0 13 13 16 18 18 3 4 5 8
0 10 13 14 17 17 4 4 6 8
10 11 12 14 14 16 16 2 4 9
0 10 12 10 11 12 19 4 5 6
1 10 12 14 19 2 6 7 9 9
1 11 12 14 15 16 19 19 3 6
1 1 10 11 16 18 4 6 7 9
0 10 13 16 2 3 4 5 7 9
0 10 10 14 16 18 3 4 5 8
0 12 12 12 15 16 19 3 3 5
1 12 15 16 19 19 2 4 6 8
11 15 17 3 5 6 8 9 9 9
0 12 14 15 18 3 3 6 7 9
1 13 13 16 17 19 4 5 6 8
10 11 14 16 17 18 5 6 9 9
1 1 13 14 15 15 17 19 3 4
0 1 11 12 14 14 15 6 7 8
0 13 14 14 17 17 4 6 7 9
13 15 17 18 19 4 5 7 8 9
10 15 15 16 17 19 3 5 7 8
10 15 18 2 3 8 9 9 9 9
12 13 16 17 18 2 2 5 6 9
10 12 16 18 19 2 3 4 5 6
1 10 15 2 4 5 6 7 8 9
0 10 12 13 15 16 18 3 4 8
1 12 15 17 19 2 6 7 8 9
12 12 13 14 14 17 19 4 5 6
0 12 12 15 15 17 2 5 6 7
0 13 13 13 15 2 3 4 6 7
0 10 11 14 15 17 18 2 5 8
0 10 12 14 15 17 18 2 5 7
11 13 14 14 15 16 17 3 5 6
1 1 11 12 16 18 2 6 9 9
10 10 13 14 15 17 19 3 5 7
0 1 11 12 16 16 17 2 3 7
0 11 11 15 19 3 3 5 8 9
1 10 12 12 16 18 19 4 6 8
1 11 13 14 13 14 2 5 6 7
0 13 15 15 16 2 3 6 7 9
0 11 13 15 16 2 3 4 6 7
10 15 17 18 19 2 3 4 6 8
12 14 16 17 18 4 5 6 7 8
0 10 14 15 17 3 5 6 6 9
0 11 10 11 13 18 18 5 6 9
0 0 14 16 19 3 4 6 7 8
14 16 19 3 4 7 8 9 9 9
15 15 17 18 2 3 4 6 7 9
0 14 19 2 4 5 7 8 9 9
0 12 12 16 16 18 19 3 6 9
0 1 11 15 17 18 19 2 4 7
0 12 12 16 17 2 3 5 8 9
11 13 15 16 2 3 4 5 8 9
0 1 10 13 14 17 19 2 4 8
13 13 15 18 19 3 4 6 7 8
0 13 15 17 2 3 5 6 7 9
0 1 10 12 15 19 2 4 5 6
0 1 10 11 14 19 2 6 8 9
1 12 12 14 16 18 3 6 7 8
0 11 13 18 19 19 2 4 6 7
12 15 19 19 19 2 4 5 7 8
1 1 14 14 15 17 19 5 7 8
10 12 13 17 2 3 4 5 7 9
1 13 14 15 16 18 2 3 8 9
1 12 16 18 2 5 6 9 9 9
0 1 10 12 14 15 18 19 4 8
10 14 16 18 2 2 5 6 7 8
0 11 13 18 19 2 5 6 7 9
10 11 12 13 14 19 5 7 8 9
12 14 14 16 17 3 3 6 7 8
0 10 11 11 12 14 17 5 6 8
11 14 14 18 2 5 6 7 8 9
1 10 11 13 15 16 17 6 7 8
0 12 15 16 17 3 3 5 6 9
11 14 14 19 5 7 8 9 9 9
0 15 16 17 2 3 4 5 7 8
0 10 11 14 14 15 16 4 6 7
0 12 16 16 4 4 5 6 8 9
0 1 12 14 15 3 4 5 8 9
11 15 16 18 4 7 9 9 9 9
0 11 12 12 14 16 2 3 6 8
10 14 15 15 3 3 5 8 9 9
11 11 13 16 17 17 4 8 9 9
0 0 10 12 13 15 18 19 19 6
0 1 12 14 15 16 19 2 4 7
0 1 11 13 15 16 2 4 5 9
10 11 10 16 16 18 18 2 3 5
0 12 12 15 18 19 3 6 7 8
13 14 14 16 17 18 19 5 6 8
14 15 16 19 3 3 5 6 7 8
1 11 13 15 16 19 2 4 8 9
0 11 15 17 18 19 2 3 5 9
1 12 14 17 18 2 2 3 6 9
1 10 13 15 2 3 4 5 6 8
10 12 12 15 18 2 2 6 9 9
0 11 12 18 19 2 4 7 8 9
10 12 19 2 3 4 5 7 8 9
15 15 18 19 2 4 5 6 7 9
11 16 2 3 4 5 6 7 8 9
11 12 12 15 18 19 3 3 6 8
0 1 1 12 18 18 3 6 9 9
11 12 13 16 18 3 4 6 7 8
10 11 12 16 17 2 4 5 6 8
10 10 14 15 16 16 18 2 5 6
1 11 12 16 17 18 6 7 8 9
1 10 12 13 14 16 5 7 8 9
1 10 15 15 17 19 2 3 3 8
1 10 11 14 15 19 4 4 6 8
0 11 12 13 13 4 6 7 8 9
1 11 15 17 18 2 4 6 7 8
0 1 10 13 14 16 16 5 6 9
11 11 12 14 15 17 17 2 5 6
10 10 13 13 14 16 18 3 4 6
11 11 12 13 14 15 16 17 17 5
1 10 12 15 17 2 3 5 7 8
1 1 10 18 18 19 3 8 9 9
1 11 13 14 14 15 6 8 9 9
10 12 12 14 17 17 18 4 6 9
10 13 15 15 17 2 3 7 8 9
1 11 13 16 17 19 2 6 7 9
1 10 13 14 15 16 17 4 8 9
10 17 18 2 3 6 7 9 9 9
1 11 12 13 17 19 6 7 9 9
14 14 18 19 2 5 6 9 9 9
10 12 12 15 16 17 18 18 4 6
10 11 12 13 15 18 3 4 5 9
0 11 14 14 14 15 18 3 5 8
11 13 14 15 18 2 3 4 5 8
0 1 13 17 18 19 2 4 5 6
1 11 12 13 2 3 7 8 9 9
0 10 13 15 16 18 19 2 6 9
1 10 13 16 19 2 3 4 6 9
0 10 10 15 19 3 4 6 7 8
0 10 15 17 19 4 5 6 8 9
0 13 14 15 16 17 3 4 7 8
1 10 12 19 3 3 4 5 7 8
1 10 11 19 2 3 4 5 6 7
10 11 14 14 16 18 3 3 9 9
0 1 12 13 16 18 4 6 7 8
11 13 14 15 17 18 2 8 9 9
14 14 16 3 4 4 6 8 9 9
0 12 14 15 19 19 2 4 6 8
1 1 11 15 16 16 18 4 6 8
11 12 14 15 18 3 5 6 8 9
1 1 12 13 14 17 4 6 8 9
0 0 12 12 14 18 18 4 6 7
13 13 16 17 17 18 3 3 5 7
16 18 19 5 6 7 8 9 9 9
12 13 15 16 17 18 2 3 4 5
0 1 1 12 14 3 5 6 8 9
10 12 15 16 4 5 6 7 8 9
1 1 10 11 12 19 2 4 9 9
0 14 15 16 16 4 6 7 8 9
0 0 11 12 13 16 18 6 7 9
0 12 15 15 2 3 4 5 6 8
0 10 11 12 13 16 16 2 3 5
0 12 13 17 17 17 3 4 5 6
0 12 13 16 16 18 19 2 8 9
0 1 11 13 16 17 3 3 6 7
0 1 12 14 14 15 17 2 6 7
11 11 15 17 18 19 2 3 7 8
0 10 12 13 14 15 18 19 2 5
10 12 13 14 16 19 3 4 6 7
11 12 14 19 3 3 4 6 8 9
0 1 10 14 14 15 17 18 3 6
1 13 13 16 4 5 6 7 9 9
1 15 16 17 17 18 19 2 4 6
0 1 10 12 12 15 15 16 17 9
0 10 10 13 14 16 2 3 6 7
10 10 13 15 15 18 19 4 7 8
10 10 11 18 19 2 3 3 6 7
0 0 12 13 13 18 19 6 9 9
0 1 11 12 13 17 18 4 6 8
10 10 11 12 13 16 18 2 7 8
10 12 15 15 17 18 6 7 8 9
1 13 13 15 16 18 2 3 6 7
0 10 12 12 14 15 19 19 5 7
0 1 10 16 4 5 6 9 9 9
0 10 11 15 17 18 19 3 5 8
10 10 17 18 2 3 3 7 8 9
10 13 18 2 4 5 6 7 9 9
13 17 18 19 3 4 5 8 9 9
1 1 10 12 15 17 2 3 7 8
1 12 16 2 3 3 4 5 9 9
1 12 13 19 2 4 4 7 8 9
1 1 15 15 2 3 4 5 6 8
0 10 11 13 16 3 4 7 8 9
1 1 11 12 16 19 5 7 8 9
1 13 14 16 18 19 2 3 5 6
12 15 15 19 2 3 5 6 8 9
10 10 16 17 2 3 4 5 7 9
0 1 10 15 16 18 19 3 7 9
1 1 13 15 19 4 7 8 9 9
0 1 11 13 14 16 19 19 9 9
0 1 10 11 14 15 2 3 4 7
10 10 14 15 16 19 19 3 4 6
0 0 15 15 17 18 2 3 4 6
1 1 10 11 15 16 18 2 3 4
10 13 14 16 17 18 19 4 5 8
0 11 17 18 19 2 3 7 8 9
14 15 2 2 3 4 5 6 9 9
0 13 15 17 17 2 3 4 5 6
0 10 12 15 18 19 2 5 6 9
0 1 11 15 16 19 2 3 5 7
0 10 11 13 14 14 18 2 3 8
12 15 16 18 18 19 2 4 7 9
0 12 13 14 3 5 8 9 9 9
1 10 11 16 17 18 2 5 6 7
0 10 10 15 15 19 4 6 8 9
1 10 13 14 14 17 18 19 4 6
0 11 12 16 19 3 4 5 6 9
1 14 16 16 17 19 2 5 7 8
1 10 11 12 12 15 17 19 4 7
0 1 11 11 18 18 3 5 6 7
0 1 1 11 19 3 4 6 7 9
12 13 14 16 4 8 9 9 9 9
11 13 14 15 2 3 5 7 8 9
1 10 10 11 13 15 15 9 9 9
1 10 12 13 14 17 5 6 7 8
0 1 12 13 18 18 2 4 6 7
0 12 15 15 15 2 4 6 7 8
0 1 11 13 14 17 5 6 8 9
0 18 19 2 4 5 6 8 9 9
11 13 15 16 19 2 5 9 9 9
0 12 14 16 2 4 4 7 8 9
0 12 13 17 2 2 3 6 7 9
1 11 17 19 2 5 6 7 8 9
10 10 15 16 18 18 19 2 5 6
12 12 13 16 17 17 4 5 6 9
0 11 13 14 15 4 4 5 8 9
10 14 15 18 18 3 4 4 6 8
10 12 16 16 18 3 4 6 7 8
0 1 10 12 2 2 4 6 9 9
0 11 11 15 18 19 2 6 7 9
10 12 12 18 19 5 8 9 9 9
1 1 14 15 19 19 7 8 9 9
0 0 12 15 15 17 17 2 3 6
0 1 14 18 19 4 6 8 9 9
1 11 13 14 16 18 19 5 6 8
0 13 14 14 17 19 3 4 5 9
1 11 12 16 18 18 19 4 6 7
0 10 10 15 16 19 2 4 6 8
0 10 15 15 16 17 3 5 6 7
0 1 1 10 11 16 17 18 4 7
0 1 11 12 13 18 19 19 5 8
1 10 10 13 18 2 3 4 5 8
0 10 11 12 16 2 4 5 7 8
0 1 10 11 16 17 5 6 8 9
0 12 13 15 15 15 19 2 6 7
10 11 16 18 18 19 5 6 7 9
10 10 14 15 17 2 3 6 7 8
11 13 14 15 17 3 3 6 7 9
0 1 10 13 13 16 17 2 4 5
1 1 14 16 17 18 3 4 5 6
0 1 12 16 17 18 2 3 6 7
1 12 15 16 17 2 5 7 8 9
0 12 12 12 13 16 18 3 4 6
1 13 18 18 3 4 6 7 8 9
12 14 15 19 3 4 6 7 9 9
0 11 13 14 16 17 19 3 5 8
1 12 12 14 15 2 3 3 5 8
0 12 12 17 19 2 3 5 6 7
1 10 11 14 15 16 17 4 9 9
1 13 14 18 19 3 3 6 8 9
10 2 3 4 5 6 7 8 9 9
0 14 14 15 17 18 4 5 6 7
0 1 11 12 14 17 3 4 6 8
0 13 15 16 19 2 4 6 7 9
10 13 15 16 18 3 4 5 6 7
0 1 12 13 15 18 2 5 6 8
0 1 10 11 16 17 19 2 4 8
0 11 13 14 18 19 4 5 6 9
0 1 1 12 13 15 19 4 5 9
1 1 11 12 12 14 19 2 3 7
0 10 10 15 18 18 18 2 7 8
1 10 11 12 13 14 19 19 6 7
1 11 14 16 17 2 4 5 8 9
0 1 15 19 2 3 6 7 8 9
10 10 12 14 14 16 17 3 5 9
0 10 13 13 16 16 17 18 4 5
10 13 16 16 19 5 6 7 8 9
10 13 13 17 18 3 4 7 8 9
11 14 16 2 4 5 7 8 9 9
0 10 11 13 19 2 5 7 9 9
1 13 14 18 18 19 2 6 7 9
0 12 12 12 14 2 2 5 6 7
11 13 16 18 18 5 6 7 9 9
10 10 14 17 19 19 2 5 6 8
10 10 12 13 17 18 2 4 5 6
1 10 12 13 15 17 19 4 6 8
10 10 11 15 16 18 4 8 9 9
10 10 12 15 19 2 6 7 8 9
1 1 13 15 18 5 6 7 8 9
10 10 12 13 16 16 18 3 6 8
0 1 13 14 16 18 19 3 6 8
10 12 13 14 19 2 3 6 9 9
10 11 12 12 15 17 19 2 3 4
1 10 13 17 18 19 3 6 7 9
11 13 14 15 15 16 18 19 4 8
10 13 14 15 15 18 2 8 9 9
0 1 17 18 2 4 6 7 8 9
12 14 17 18 19 4 5 6 7 8
1 14 14 14 17 19 3 4 5 6
1 1 14 16 17 18 6 7 9 9
10 12 14 14 15 16 4 5 6 8
10 12 2 3 5 7 8 9 9 9
11 13 18 19 19 3 4 6 7 8
0 10 10 12 13 15 15 2 5 8
0 1 15 17 18 2 3 4 6 7
1 1 15 16 17 18 2 6 7 9
0 11 13 14 15 16 5 9 9 9
11 11 14 15 16 17 18 3 7 8
0 1 10 10 13 14 17 2 4 6
0 1 10 11 15 19 2 3 6 7
17 19 2 3 4 5 6 8 9 9
0 1 14 17 19 3 5 6 7 9
11 11 13 14 16 17 18 2 3 8
1 11 11 13 14 16 17 19 2 3
13 12 17 18 2 5 6 7 8 9
0 11 11 13 14 4 5 6 8 9
0 1 15 16 19 3 3 6 6 9
0 14 15 17 18 19 5 6 8 9
0 10 10 13 16 4 5 6 8 9
10 12 14 15 15 19 2 3 9 9
0 10 12 12 17 18 3 5 8 9
0 12 14 14 14 17 2 3 5 9
0 13 16 17 18 18 3 4 7 8
10 11 12 15 16 18 18 3 4 8
13 17 18 2 4 5 6 9 9 9
0 11 13 15 15 16 17 2 6 9
11 12 14 16 18 19 2 3 6 7
0 14 15 18 2 5 6 8 9 9
0 11 11 13 16 17 2 3 8 9
0 1 11 10 14 17 18 2 3 6
0 12 12 18 18 2 7 8 9 9
0 1 1 11 13 15 18 19 5 7
12 14 15 16 18 2 4 4 6 8
0 10 11 13 14 16 19 4 6 9
1 11 12 13 14 16 3 4 6 8
10 18 18 3 4 6 7 9 9 9
0 11 12 13 15 16 2 4 7 8
1 10 11 13 15 3 3 4 5 7
1 16 17 18 19 5 7 8 9 9
0 1 11 14 15 18 4 7 8 9
1 12 14 17 19 19 5 6 7 9
1 10 12 13 15 16 2 4 6 9
12 14 15 15 17 19 3 5 6 7
12 13 15 16 18 2 3 6 8 9
13 14 16 16 18 18 19 4 6 9
0 1 1 11 12 14 15 16 2 3
1 10 11 11 15 16 19 2 8 9
1 10 10 13 19 19 2 3 4 6
1 10 13 16 18 2 2 5 6 7
0 11 13 15 16 17 19 6 7 9
1 11 11 15 16 15 3 3 5 7
0 1 11 14 15 17 17 3 4 5
1 15 16 18 19 3 3 4 5 8
1 11 12 16 2 3 5 6 7 9
10 10 12 13 15 16 18 4 5 6
0 13 14 15 19 2 4 6 7 9
1 10 12 15 17 19 4 6 7 8
1 1 14 17 18 2 2 5 6 9
10 11 12 17 18 2 3 4 7 8
1 11 11 16 2 4 5 6 7 8
0 1 10 10 15 16 6 8 9 9
15 15 17 19 3 5 6 7 9 9
11 12 16 18 3 5 6 7 9 9
1 12 12 13 14 2 4 6 9 9
10 14 15 17 17 2 5 7 8 9
10 11 15 18 19 19 2 3 4 5
1 12 13 14 14 18 7 8 9 9
12 13 17 17 2 3 4 5 7 8
0 15 16 18 19 2 4 6 6 9
10 11 11 13 19 2 4 4 7 9
0 14 16 18 2 5 6 7 8 9
15 17 18 2 3 5 7 8 9 9
0 1 12 12 14 15 16 4 5 6
11 12 13 16 17 19 3 4 6 7
0 15 18 19 2 3 4 8 9 9
0 13 13 16 17 18 19 2 3 6
0 1 11 15 17 18 5 6 7 8
1 10 13 13 15 19 3 5 7 8
0 1 14 17 17 18 4 6 7 9
12 14 16 17 18 3 6 8 9 9
13 16 17 18 19 19 2 4 5 6
1 14 16 16 19 3 3 4 5 8
1 13 14 16 18 2 2 3 6 7
1 10 11 15 15 17 18 19 3 7
14 16 18 19 4 5 6 7 9 9
1 10 12 13 12 13 19 19 4 6
0 10 13 15 17 17 4 4 6 7
0 10 18 18 19 3 4 5 8 9
1 11 14 17 18 3 4 6 7 9
1 1 11 12 13 15 17 2 5 8
0 1 12 12 16 17 2 3 4 5
10 15 15 15 19 2 6 8 9 9
0 0 11 12 13 19 3 5 6 8
1 11 14 19 4 6 7 8 9 9
11 14 15 16 16 4 4 7 8 9
10 13 13 15 19 2 4 4 6 8
11 12 14 16 18 19 2 5 7 9
1 11 12 13 14 16 5 6 7 8
13 14 15 15 17 19 2 3 5 7
0 10 13 14 15 16 2 4 5 6
1 11 14 16 2 5 7 8 9 9
1 12 12 15 18 19 2 6 7 9
0 11 10 11 16 17 19 6 7 9
11 11 16 17 18 19 3 3 4 8
1 15 15 16 18 19 19 6 7 9
10 12 12 13 14 15 19 3 5 6
10 12 12 16 17 18 2 4 5 8
11 13 14 17 18 19 3 4 5 9
1 12 13 14 17 19 4 5 6 8
0 1 12 14 17 2 3 7 8 9
11 12 12 14 17 18 18 3 5 8
0 10 13 14 15 17 18 6 7 9
1 11 12 14 3 5 6 7 8 9
0 1 10 14 17 18 19 4 5 7
11 16 16 17 19 4 5 7 8 9
1 11 16 17 19 3 3 5 6 8
10 11 16 17 3 3 3 6 6 9
0 1 10 15 16 2 4 5 6 9
12 13 14 15 17 18 19 2 3 3
0 12 13 15 15 16 2 5 6 8
1 12 12 17 3 4 5 7 8 9
1 10 11 16 3 4 7 8 9 9
0 10 14 16 17 17 19 2 2 8
1 12 13 13 17 18 4 5 7 8
0 1 13 15 17 19 3 3 6 7
10 10 16 18 18 3 4 5 7 8
1 1 12 13 14 15 19 4 8 9
0 11 11 14 16 16 19 3 3 7
0 13 15 17 2 2 3 4 6 7
1 11 13 14 14 19 2 4 6 9
11 11 15 17 17 19 3 5 6 8
13 15 3 3 4 5 6 7 9 9
11 12 14 18 2 3 4 7 8 9
1 11 11 16 17 5 6 7 9 9
0 1 13 4 5 7 8 9 9 9
1 10 13 14 19 5 6 7 8 9
1 12 15 16 16 17 2 3 5 6
0 12 18 19 2 4 5 6 8 9
1 10 11 14 15 17 17 18 19 5
1 12 13 18 19 4 6 7 8 9
1 10 13 17 19 4 5 6 8 9
15 16 19 2 2 4 5 6 7 8
0 10 12 12 15 15 19 2 6 9
13 16 19 2 3 3 5 6 7 8
12 13 13 14 17 18 2 4 5 9
0 15 16 2 2 4 6 7 9 9
10 11 12 15 15 15 16 18 3 6
12 13 14 14 16 18 19 4 5 6
11 12 13 14 15 3 5 6 7 8
0 10 19 2 4 8 9 9 9 9
1 10 11 13 16 16 3 6 7 9
0 12 13 15 16 17 4 4 7 9
1 10 13 14 19 2 3 4 7 8
0 1 12 14 19 2 3 5 6 9
1 14 14 18 18 19 3 4 6 9
0 12 13 17 2 3 6 7 9 9
0 0 12 13 16 2 2 3 4 5
0 1 11 13 14 14 16 2 5 6
0 10 12 13 3 3 3 6 7 9
12 16 18 18 2 3 3 5 6 7
11 14 16 2 2 5 6 7 8 9
1 10 12 12 15 16 17 19 3 6
1 13 14 14 19 2 3 5 6 9
10 13 14 18 19 3 4 5 7 8
1 10 12 17 17 3 5 6 8 9
1 10 15 18 2 3 4 7 8 9
0 10 14 19 3 3 5 7 8 9
0 1 11 12 14 3 4 5 6 8
0 10 11 13 18 19 3 3 5 8
0 1 1 12 13 16 16 4 5 6
0 10 10 12 13 16 18 4 8 9
1 12 14 17 18 19 2 3 6 7
0 11 13 15 16 16 3 5 6 9
0 0 11 12 18 19 2 4 5 9
14 15 18 19 2 3 5 7 8 9
0 1 17 17 18 4 5 6 7 9
0 10 11 11 14 15 16 18 19 4
0 11 13 16 16 16 4 5 6 7
11 16 16 18 19 3 4 5 6 7
10 11 12 13 15 16 5 9 9 9
1 12 15 15 18 18 19 3 6 6
12 16 17 3 5 6 7 9 9 9
10 16 17 18 2 3 4 5 6 7
1 10 17 18 4 6 8 9 9 9
0 11 11 12 13 14 18 19 5 8
1 1 18 18 2 4 5 6 8 9
13 13 16 17 18 4 5 6 7 8
11 16 19 3 3 4 5 6 7 9
0 12 14 15 15 17 18 2 3 6
0 11 13 13 19 2 3 7 8 9
0 1 11 12 14 15 18 2 5 8
11 15 16 18 19 2 2 5 6 7
12 12 14 18 18 18 2 3 4 9
1 12 14 14 15 16 17 2 3 6
1 1 10 15 15 17 4 6 7 8
0 1 10 14 14 17 17 2 6 8
0 1 13 16 17 2 6 7 8 9
0 16 17 19 4 4 6 8 9 9
1 12 13 14 18 19 3 4 5 6
0 1 11 15 16 2 5 6 7 9
0 11 15 15 15 2 3 5 8 9
0 1 10 12 14 14 17 19 3 3
10 10 11 15 18 19 2 5 6 9
0 12 13 15 18 19 2 3 7 8
0 1 10 16 16 18 2 4 6 7
1 10 16 18 19 2 3 5 6 8
0 12 12 17 17 18 2 5 6 9
11 12 13 16 16 3 3 4 5 6
1 12 16 18 18 19 2 6 7 8
1 13 14 17 18 3 4 7 8 9
0 0 10 17 18 18 19 6 7 9
0 1 10 16 18 2 6 7 9 9
0 10 11 12 14 16 16 2 7 8
0 1 1 12 16 3 3 3 5 9
1 11 17 19 19 4 5 6 7 8
0 12 15 16 17 18 2 5 6 9
11 13 15 16 17 2 3 4 5 7
11 11 14 18 18 19 2 3 4 6
10 16 17 18 19 5 6 7 9 9
0 1 12 16 18 18 19 4 5 8
0 12 15 15 17 19 4 6 7 8
10 12 12 17 18 2 3 5 7 9
11 13 14 16 3 5 6 7 9 9
0 10 11 12 13 14 15 18 5 6
13 14 19 2 4 6 7 8 9 9
10 11 12 18 2 4 6 7 8 9
10 14 16 16 2 5 6 7 9 9
11 10 11 15 19 5 6 7 8 9
0 1 10 12 15 17 4 4 7 8
1 10 14 16 16 5 6 7 9 9
0 1 12 15 17 18 2 2 7 9
0 1 10 12 14 14 15 19 3 5
11 14 14 15 16 5 6 7 8 9
11 14 14 16 17 18 4 7 8 9
1 1 10 12 19 2 3 5 6 9
12 13 14 15 15 16 2 2 6 7
1 13 16 18 19 3 5 6 7 9
1 13 15 16 18 19 4 5 6 8
0 1 12 14 16 2 2 6 8 9
0 11 14 15 17 19 2 3 7 8
13 16 18 2 4 5 6 7 9 9
1 10 12 13 14 15 16 2 3 5
1 11 11 15 18 19 2 4 6 8
1 1 11 15 15 18 4 5 8 9
1 11 11 18 3 6 7 8 9 9
12 15 16 19 2 2 4 5 6 7
0 11 11 15 17 2 4 5 6 9
0 1 10 17 2 3 6 7 9 9
0 1 11 12 14 15 18 2 4 9
0 10 11 14 16 4 6 7 8 9
0 16 15 16 18 4 5 5 8 9
0 11 12 18 2 3 5 7 8 9
0 12 12 16 17 3 5 6 9 9
1 10 15 16 17 2 3 4 6 8
13 16 18 2 3 4 5 9 9 9
1 10 11 13 14 19 2 4 5 6
0 10 13 15 17 18 4 9 9 9
0 11 18 19 2 2 5 6 8 9
0 10 11 13 14 14 18 2 3 8
10 19 2 3 4 5 6 7 9 9
1 10 12 14 17 17 18 5 8 9
11 14 16 18 3 4 5 6 7 8
0 10 11 12 13 16 17 18 3 7
1 10 12 15 16 19 4 7 9 9
1 10 16 17 18 2 3 4 7 8
0 1 10 13 15 16 17 19 4 6
1 15 16 19 2 3 5 7 8 9
1 15 18 19 2 3 4 7 8 9
1 12 14 14 15 16 19 2 5 6
10 13 17 18 19 19 2 3 4 9
10 10 13 18 18 4 5 6 7 8
15 15 18 19 2 4 5 6 7 8
13 15 15 17 19 19 3 5 6 8
0 1 10 13 15 17 18 5 7 9
11 13 14 15 17 3 3 6 7 9
0 1 10 10 16 19 2 3 7 9
0 10 11 13 15 17 19 6 9 9
1 10 11 13 16 2 5 8 9 9
0 10 10 14 15 17 18 19 2 8
0 1 18 2 4 5 6 9 9 9
10 12 13 14 15 15 2 4 5 8
12 14 16 17 19 3 5 6 7 8
0 10 12 15 16 19 3 4 7 9
1 10 13 14 16 17 19 4 6 9
15 19 19 4 5 6 7 8 9 9
0 1 10 13 15 18 3 4 6 7
12 13 15 2 3 6 7 8 9 9
0 1 10 12 13 14 13 7 8 9
1 1 18 19 2 3 5 7 8 9
0 1 1 11 17 17 17 4 6 9
0 1 10 16 17 18 2 4 6 9
0 0 16 3 3 3 5 6 7 8
0 1 11 13 15 16 4 6 7 8
10 13 13 15 18 19 3 7 8 9
10 10 16 17 2 2 3 5 9 9
11 13 19 4 4 6 8 9 9 9
0 1 15 17 17 2 5 7 8 9
13 14 18 18 2 2 5 6 7 8
0 0 10 14 17 18 19 6 8 9
13 14 14 19 2 3 5 7 8 9
11 14 14 16 19 4 6 7 8 9
0 12 12 13 14 15 19 3 4 5
1 16 17 2 3 3 6 7 8 9
1 10 12 13 14 14 16 6 9 9
11 13 16 17 19 2 3 4 5 9
0 12 16 3 3 6 7 9 9 9
1 11 13 15 15 18 4 5 6 8
0 12 12 18 18 2 5 6 8 9
0 1 12 13 15 18 19 2 5 6
11 13 17 18 19 4 6 8 9 9
0 10 11 12 12 13 16 16 17 6
0 0 10 13 18 2 4 5 6 9
0 11 11 16 3 5 6 7 8 9
0 1 10 11 12 15 16 18 5 8
11 12 14 14 16 17 3 6 8 9
1 10 11 13 16 17 18 17 3 6
0 16 16 18 5 6 7 8 9 9
12 18 19 2 2 5 6 8 9 9
0 1 13 14 16 17 19 2 3 5
0 11 13 17 19 3 3 4 5 6
12 13 14 15 15 19 2 3 4 8
0 13 15 17 19 5 6 8 9 9
0 10 13 13 15 15 16 18 6 7
1 11 13 15 17 17 3 5 8 9
0 11 15 15 17 18 19 2 7 9
10 11 12 13 14 15 18 3 5 6
13 13 15 19 3 4 5 6 7 8
1 1 15 16 17 17 3 4 6 7
0 1 11 3 3 4 5 6 7 9
0 11 12 14 14 18 2 5 7 8
0 12 13 17 18 4 6 7 9 9
10 11 15 16 2 4 6 7 9 9
0 11 12 14 15 15 5 5 6 8
10 14 14 16 17 2 3 4 6 8
1 10 11 12 16 17 19 4 7 8
0 1 16 17 3 4 6 8 9 9
0 16 18 18 2 3 5 6 7 9
10 11 14 17 18 4 5 6 8 9
0 1 12 13 13 2 3 7 9 9
12 13 16 19 2 3 7 8 9 9
1 11 13 14 18 18 19 3 4 9
10 10 11 12 16 17 18 7 8 9
0 1 10 12 13 13 16 19 5 6
10 12 13 19 3 4 5 7 8 9
11 12 13 14 3 3 4 5 6 8
0 10 16 18 19 2 4 5 6 8
1 1 10 14 17 18 19 4 6 8
1 10 13 15 16 17 18 6 7 9
10 15 16 16 3 4 5 7 9 9
13 15 15 16 19 3 3 5 6 6
0 1 12 13 14 16 18 2 4 5
11 12 13 17 2 3 4 6 7 9
1 10 10 14 15 16 17 19 3 9
0 1 13 14 16 17 3 4 6 8
12 14 14 15 18 2 3 3 5 7
10 12 15 17 2 3 4 6 7 9
1 1 10 17 17 2 3 7 8 9
12 14 18 18 18 3 4 6 7 8
0 10 11 12 14 16 17 17 7 8
10 12 12 14 15 16 17 19 2 6
1 10 13 18 19 3 3 3 6 8
0 13 15 17 18 4 6 7 9 9
0 13 14 18 19 19 2 6 7 8
0 1 10 10 11 14 16 18 18 5
1 12 14 2 3 3 8 9 9 9
1 12 12 15 16 19 2 5 6 7
0 16 16 6 7 9 9 9 9 9
0 1 10 11 12 14 15 18 19 4
12 13 14 16 19 3 7 8 9 9
0 1 10 11 13 18 18 2 5 9
0 0 12 13 15 16 17 4 5 6
0 10 11 12 16 17 3 5 7 8
12 14 16 16 17 19 2 3 9 9
12 14 14 16 18 19 3 6 7 8
0 10 10 12 13 17 18 18 4 6
11 12 13 15 17 18 19 4 5 6
0 1 1 13 13 18 3 5 6 8
0 12 14 14 15 16 18 19 3 8
0 1 10 11 12 13 14 16 9 9
0 1 13 15 16 17 3 5 7 9
0 10 12 13 14 18 19 19 6 7
0 1 11 12 15 16 19 6 8 9
1 11 16 17 2 6 7 9 9 9
10 14 16 17 18 18 5 7 8 9
0 1 10 12 15 15 4 6 7 8
10 14 14 15 16 2 4 5 7 8
1 10 13 15 16 17 18 19 2 9
1 15 17 2 2 3 4 6 7 9
0 11 14 14 15 17 18 19 3 8
1 13 14 19 3 4 4 8 9 9
10 11 12 17 19 19 5 6 8 9
0 2 2 3 5 7 8 9 9 9
0 0 18 18 18 4 5 6 7 8
10 13 15 17 17 19 3 5 6 8
10 13 17 18 2 4 5 6 8 9
10 11 11 13 15 17 17 4 8 9
0 13 15 15 18 2 3 6 7 8
1 11 14 16 17 18 9 9 9 9
1 10 11 12 13 15 15 16 18 7
0 10 14 14 16 19 3 4 5 6
0 10 11 12 13 15 17 2 3 8
10 10 16 15 16 17 2 5 7 9
0 10 10 16 16 19 4 5 6 8
14 14 15 16 4 5 6 8 9 9
0 1 1 11 12 17 17 5 6 8
0 13 14 15 16 18 19 4 8 9
1 11 12 11 15 16 17 18 6 8
0 1 13 13 14 15 2 3 4 9
0 10 15 16 18 19 2 3 5 6
10 10 15 16 3 3 4 5 7 9
1 1 11 14 2 3 5 6 9 9
1 11 12 13 14 15 16 4 5 9
1 10 11 12 14 14 15 16 6 7
0 14 14 17 18 19 2 3 5 6
1 11 11 12 15 16 18 19 2 6
0 1 17 19 2 3 5 6 7 8
14 17 18 18 19 5 6 7 8 9
0 1 10 11 17 19 2 4 5 8
10 11 13 14 14 17 19 3 6 9
0 1 10 10 11 16 19 19 2 4
0 1 10 11 13 19 2 4 4 8
0 1 10 10 15 16 17 19 8 9
10 10 12 14 16 16 5 6 9 9
11 11 12 13 14 17 18 3 4 8
1 12 13 13 14 15 4 5 6 7
17 19 2 4 5 6 7 9 9 9
14 15 16 17 3 4 5 7 8 9
0 12 13 17 18 2 3 6 8 9
10 13 13 14 17 2 3 4 7 8
1 1 12 14 16 19 2 6 9 9
0 1 1 12 15 16 2 2 5 8
10 13 17 19 3 3 6 7 9 9
0 1 10 18 18 2 4 5 7 9
1 12 15 4 5 6 8 9 9 9
10 11 13 15 15 16 4 5 7 8
0 11 13 2 4 5 7 8 9 9
0 12 3 5 6 7 8 9 9 9
10 11 16 19 3 3 5 6 8 9
0 1 12 15 15 18 2 3 5 6
0 1 10 11 18 19 2 4 5 9
14 17 18 3 4 5 6 7 9 9
1 10 16 16 19 2 3 5 6 6
0 12 14 18 19 4 6 7 8 9
1 10 10 11 12 15 16 18 5 8
0 12 12 15 15 16 19 19 5 7
16 17 2 2 5 6 7 8 9 9
0 1 13 14 18 19 3 7 8 9
0 11 12 12 17 3 5 6 8 9
1 10 12 13 19 2 4 6 7 9
10 11 16 18 4 5 7 8 9 9
0 1 1 12 13 14 17 4 6 8
16 16 18 19 3 4 5 6 7 9
11 13 17 17 2 3 4 6 7 8
0 1 1 16 17 3 4 6 7 8
12 16 16 17 18 19 4 6 7 8
10 12 14 16 16 17 18 19 4 6
0 10 10 11 15 15 4 6 9 9
0 14 14 15 19 2 5 6 7 8
1 1 12 14 17 17 18 4 5 9
11 12 14 19 2 4 6 7 9 9
0 10 14 16 19 4 4 6 8 9
11 14 18 3 4 6 9 9 9 9
0 1 12 17 18 2 3 8 9 9
0 10 10 15 16 5 5 6 9 9
1 11 11 13 14 15 18 3 6 8
0 1 12 16 16 18 3 5 6 9
1 1 10 11 14 16 17 17 5 8
0 1 12 12 13 16 3 4 5 6
10 10 12 17 3 5 6 7 9 9
0 1 10 10 12 16 18 4 5 6
1 11 15 4 6 7 8 9 9 9
1 11 13 17 17 3 6 7 9 9
0 1 12 15 16 18 19 2 6 9
1 10 10 14 18 2 4 7 8 9
0 1 10 11 13 15 17 3 5 6
0 1 10 14 16 16 3 5 7 9
0 10 16 19 19 2 4 5 6 7
1 15 16 17 2 3 5 6 7 8
1 14 18 19 3 4 5 7 8 9
0 10 11 14 18 18 19 2 6 9
11 11 15 17 17 19 3 5 6 8
0 11 12 13 14 15 19 3 5 8
10 10 13 14 16 2 4 4 8 9
0 11 14 14 17 18 19 5 6 8
0 14 14 15 16 2 2 3 7 9
10 10 14 16 18 3 3 7 8 9
12 15 15 16 17 2 3 4 6 7
11 12 16 16 18 19 3 4 8 9
0 10 10 11 17 17 2 5 6 7
11 14 14 18 19 2 3 3 8 9
0 13 15 16 19 3 4 6 7 8
0 11 14 16 17 19 3 5 6 8
10 11 13 13 14 15 17 2 9 9
1 11 13 14 17 19 3 3 7 8
0 1 12 14 16 18 4 6 7 8
0 10 12 13 17 2 5 6 8 9
1 14 19 3 4 6 7 8 9 9
1 1 10 14 14 17 3 7 8 9
0 1 10 12 14 15 15 2 5 6
0 11 13 14 18 19 5 6 7 9
1 11 13 15 18 19 4 5 6 7
1 11 13 13 18 19 19 3 4 8
0 12 15 16 17 4 7 8 9 9
13 14 2 3 5 6 8 9 9 9
10 11 13 15 17 18 19 6 7 9
11 12 12 15 2 3 5 6 8 9
10 10 13 18 19 3 5 6 8 9
0 10 14 14 16 17 19 3 4 6
0 12 12 16 16 17 19 3 5 6
0 10 12 13 17 18 19 2 6 8
0 13 15 18 19 2 4 5 6 8
12 13 15 16 17 19 2 4 6 8
1 10 14 15 18 2 5 6 8 9
0 11 17 18 19 2 5 6 7 9
0 1 13 13 15 15 16 13 6 8
0 10 11 12 12 13 15 9 9 9
1 10 12 17 18 19 2 3 4 6
1 12 15 16 19 2 2 4 6 7
0 1 13 15 18 4 6 7 9 9
10 13 15 16 2 3 5 6 7 9
10 12 15 15 19 3 6 7 8 9
1 10 12 13 15 16 17 18 2 4
1 14 15 15 19 4 5 6 7 8
10 10 15 17 19 5 6 7 8 9
12 11 12 13 16 18 19 4 4 9
0 10 13 17 18 2 3 5 6 9
10 11 13 14 16 17 19 2 5 7
0 10 10 11 18 2 4 5 6 9
0 1 13 15 19 3 4 6 7 8
0 11 14 14 16 17 4 6 7 8
10 11 13 18 2 3 4 5 6 9
0 15 15 15 16 2 4 6 7 9
0 11 12 15 17 17 4 6 7 8
0 10 11 17 18 19 19 5 8 9
10 10 12 13 3 3 4 5 6 7
10 12 13 16 16 17 5 6 8 9
0 10 11 14 15 18 5 6 8 9
0 12 14 16 17 17 19 3 7 9
0 11 12 14 18 18 5 6 8 9
11 11 15 15 19 2 3 5 8 9
0 10 11 11 15 17 3 4 6 7
0 1 10 12 14 16 18 4 5 9
10 13 13 14 15 13 15 16 6 9
0 1 10 11 12 15 3 4 6 8
1 1 11 13 15 15 9 9 9 9
0 1 1 12 14 15 2 5 8 9
0 12 14 17 18 4 5 7 8 9
0 1 11 12 13 16 2 2 6 9
0 12 12 14 15 16 17 18 5 6
0 14 15 16 18 4 5 7 8 9
1 11 13 14 15 18 18 19 3 6
10 10 12 19 3 3 5 6 7 8
1 10 11 15 2 2 6 6 8 9
0 17 18 19 19 2 3 6 8 9
0 13 15 16 18 4 6 8 9 9
10 13 17 18 19 2 4 5 6 8
0 11 15 16 17 2 3 4 5 8
1 10 10 13 14 19 2 4 6 7
0 1 13 16 16 18 19 2 5 6
0 12 13 15 19 4 7 8 9 9
1 10 15 15 17 19 3 4 5 9
0 10 12 14 19 2 5 6 7 8
12 12 12 16 18 2 6 7 9 9
17 18 2 3 4 5 6 8 9 9
0 13 13 14 15 3 4 5 6 8
10 10 13 18 3 4 6 7 8 9
1 10 11 11 13 3 3 6 8 9
0 0 10 13 15 2 2 4 6 9
1 1 11 12 13 14 18 6 7 8
12 14 2 3 4 5 6 7 9 9
0 1 1 10 12 17 3 4 7 9
0 12 16 17 18 19 2 4 5 8
0 10 11 12 15 16 2 5 7 9
10 10 19 2 3 5 6 7 9 9
10 14 17 18 19 2 5 6 7 8
0 10 11 14 14 15 16 6 7 9
0 11 12 13 14 15 3 3 6 7
11 13 14 14 16 15 16 2 6 7
1 12 16 16 17 2 3 6 7 9
1 13 14 16 18 3 3 6 7 9
11 11 14 15 16 18 3 3 4 5
0 15 15 19 3 4 5 8 9 9
0 12 12 18 18 18 19 5 6 7
0 13 13 14 15 16 4 6 7 9
0 1 10 10 16 17 19 4 5 7
0 11 16 16 2 2 3 5 6 7
13 16 17 17 2 4 5 6 8 9
0 1 10 14 17 19 2 6 7 9
11 13 15 15 15 3 4 5 6 8
10 10 11 12 19 19 19 2 8 9
11 12 14 15 17 17 18 19 4 5
0 12 15 15 3 4 7 8 9 9
1 11 12 13 13 15 16 2 4 7
0 1 11 14 14 18 5 7 8 9
1 10 15 15 17 18 2 4 5 6
0 0 1 13 14 18 4 7 8 9
1 11 12 13 14 12 15 3 4 6
10 16 18 19 3 4 5 7 8 9
1 12 14 18 18 19 2 3 4 6
0 10 11 14 17 18 19 6 8 9
0 11 11 13 14 17 18 18 5 6
12 13 15 16 15 16 3 5 6 7
10 10 10 12 14 15 16 5 7 9
13 14 16 17 18 19 2 4 5 6
0 10 13 14 19 19 6 7 9 9
1 1 12 14 16 17 3 5 6 7
1 10 11 13 14 16 17 18 19 5
1 10 18 19 3 4 5 6 8 9
13 15 15 2 2 4 5 6 9 9
12 14 15 17 18 19 6 8 9 9
0 11 12 13 15 3 5 7 8 9
11 11 12 16 17 18 19 2 3 6
0 1 13 17 19 19 5 6 8 9
1 11 13 19 2 3 5 7 8 9
10 12 16 17 19 19 2 5 7 9
10 11 13 14 15 18 2 4 8 9
0 0 1 11 15 17 18 2 5 7
0 10 16 18 19 2 4 6 9 9
0 1 1 12 15 16 2 4 5 6
1 10 11 13 16 17 17 19 2 4
10 11 13 15 16 17 19 5 6 8
0 10 12 2 2 3 4 5 9 9
0 10 14 15 16 19 2 5 6 9
1 10 11 13 16 16 17 6 8 9
0 13 13 2 3 4 6 8 9 9
0 1 1 18 19 3 4 5 6 9
10 10 11 15 16 18 19 2 7 9
0 1 11 12 14 3 4 6 8 9
1 1 10 12 13 16 4 6 8 9
11 12 14 15 16 19 19 2 4 7
10 12 14 14 15 16 19 19 8 9
1 11 14 17 18 19 2 3 5 7
0 1 13 16 16 19 2 3 7 8
12 13 14 15 17 2 2 5 6 9
12 12 15 17 17 3 3 7 8 9
1 12 13 16 19 19 4 6 7 9
11 12 15 19 3 4 5 8 9 9
10 10 13 16 16 3 7 9 9 9
0 1 10 13 14 17 18 19 8 9
11 11 12 13 14 18 19 2 5 9
15 16 17 18 2 5 6 7 9 9
10 10 11 13 13 17 18 4 7 8
10 10 13 14 15 16 18 19 4 6
0 1 11 12 16 18 19 4 5 7
0 12 16 16 17 18 4 6 9 9
0 10 11 14 2 3 5 7 8 9
12 16 19 3 4 5 6 7 8 9
0 1 11 13 17 18 2 7 9 9
0 0 1 12 15 17 17 5 6 9
10 11 12 17 19 2 3 6 7 8
0 11 12 13 13 16 18 19 2 9
0 10 12 14 15 15 16 6 7 8
11 13 15 16 18 18 18 19 5 6
0 10 13 15 16 19 2 5 6 9
0 12 13 14 15 16 4 5 6 7
0 17 18 19 3 4 6 7 8 9
0 0 12 18 2 3 4 6 7 8
11 13 15 17 19 5 8 9 9 9
1 10 18 19 2 3 4 5 6 8
1 13 15 15 17 18 2 3 4 6
12 15 15 18 19 2 6 7 8 9
14 17 18 19 2 4 6 9 9 9
1 13 14 15 15 18 2 3 5 8
0 11 14 19 2 3 4 5 6 7
0 13 14 16 19 19 2 4 5 8
10 12 13 19 3 3 4 5 6 9
12 13 18 18 3 4 5 8 9 9
0 10 14 17 4 5 6 7 8 9
1 13 17 17 18 4 5 6 7 9
10 14 16 19 2 3 4 6 7 8
0 1 10 13 14 2 3 5 7 8
0 1 11 15 18 5 6 7 9 9
12 15 16 2 3 4 5 6 7 8
13 12 13 15 17 18 19 3 4 7
0 1 11 10 11 16 17 6 9 9
0 10 16 17 18 2 2 5 6 8
0 11 14 15 17 18 4 6 7 9
0 11 17 2 2 4 5 6 7 8
16 19 19 2 4 5 6 7 9 9
0 0 1 12 14 15 19 6 7 9
14 14 16 18 19 3 4 6 7 8
10 11 15 16 19 3 5 6 9 9
0 10 15 17 19 4 6 7 8 9
1 12 15 16 18 4 5 6 8 9
0 10 12 17 17 18 19 4 4 8
1 12 15 17 18 2 6 7 9 9
1 14 14 16 16 3 4 6 7 9
14 16 17 19 2 4 5 6 9 9
14 16 17 2 2 3 5 6 7 8
0 10 12 15 16 16 3 4 6 9
0 1 10 11 16 16 18 2 3 9
10 15 18 2 3 4 6 7 9 9
0 13 14 17 19 2 3 4 7 9
1 12 13 14 15 19 19 7 8 9
12 14 13 14 16 17 3 5 6 8
1 1 13 14 14 17 3 3 8 9
1 1 14 15 16 18 2 3 6 9
0 1 10 11 14 14 3 6 8 9
11 14 14 16 17 2 3 3 6 7
1 1 10 11 16 19 4 7 8 9
10 12 15 16 17 18 19 17 18 2
10 15 15 17 2 2 3 4 6 9
0 1 11 16 16 19 4 6 7 9
0 11 12 16 17 19 4 5 6 8
0 10 10 12 19 2 5 6 8 9
0 11 15 15 18 2 3 5 6 8
10 10 13 16 19 2 5 6 8 9
1 1 13 17 18 2 4 6 8 9
11 11 12 13 19 19 3 4 8 9
1 10 14 14 15 16 17 3 3 6
0 14 14 16 17 18 19 2 4 9
1 11 14 16 17 17 2 4 5 6
0 1 11 12 14 15 18 3 8 9
0 1 1 13 14 17 18 7 8 9
0 10 12 14 14 15 4 5 6 9
0 10 11 12 12 18 3 4 6 7
10 18 19 3 5 6 7 8 9 9
14 16 17 18 3 4 5 6 8 9
0 12 12 17 18 3 5 6 7 8
0 11 15 2 3 7 8 9 9 9
1 1 12 16 17 18 4 6 7 9
0 0 16 17 17 19 6 7 8 9
1 1 14 15 17 18 3 4 6 7
0 1 1 10 13 14 17 4 6 9
0 1 10 11 13 15 15 5 6 7
1 10 11 15 19 19 4 5 7 8
11 12 12 13 17 19 4 6 8 9
10 13 15 17 2 4 5 8 9 9
0 1 1 12 16 16 18 5 8 9
10 11 13 17 17 2 3 7 8 9
0 11 13 13 16 18 2 3 6 7
0 1 11 15 2 3 3 3 5 9
10 11 13 13 14 16 18 6 7 9
0 11 12 15 2 3 3 6 7 9
10 11 12 14 17 18 5 6 7 8
14 14 17 19 2 5 6 8 9 9
10 12 13 14 16 16 17 5 7 8
0 1 11 14 16 17 5 6 7 9
0 1 10 15 17 18 3 4 7 8
0 12 16 18 18 19 4 5 8 9
13 15 16 19 3 7 8 9 9 9
1 1 10 12 14 17 17 17 3 9
11 13 15 15 17 18 3 6 7 9
0 1 10 19 19 2 4 5 6 7
10 14 15 16 2 2 4 5 6 9
13 16 16 17 19 3 4 7 8 9
13 15 16 18 2 4 5 6 9 9
0 10 12 13 12 13 16 18 2 4
0 10 11 13 14 15 15 5 6 8
0 1 1 1 11 17 18 2 8 9
0 14 14 15 17 18 2 5 6 8
0 10 12 13 16 17 18 4 9 9
11 13 14 15 15 17 18 19 3 7
0 1 15 16 17 19 5 6 8 9
1 14 14 15 15 16 17 2 6 7
1 13 13 15 2 3 4 4 6 7
10 10 11 16 16 2 3 5 9 9
0 10 10 11 13 15 18 2 3 4
11 13 15 15 17 3 4 5 6 8
11 12 14 16 18 2 3 4 5 9
1 11 12 14 16 4 5 7 8 9
11 12 14 18 2 3 3 4 5 9
1 10 3 4 6 9 9 9 9 9
0 10 11 12 19 3 5 6 8 9
0 12 13 16 18 18 19 3 4 9
12 15 16 17 19 19 2 3 5 6
0 1 10 11 12 12 16 17 18 19
0 10 11 12 15 16 18 2 5 7
0 12 13 16 17 2 5 6 8 9
1 1 10 12 16 19 3 4 5 8
0 1 10 13 17 18 3 4 6 9
1 10 11 14 15 15 16 15 16 9
13 14 15 15 3 4 7 8 9 9
0 10 12 14 17 17 2 4 5 9
0 10 12 12 13 18 19 3 4 6
1 12 13 14 17 17 3 4 6 8
11 12 15 17 18 19 2 3 8 9
0 11 16 17 17 19 3 5 8 9
0 10 10 15 17 3 3 4 6 7
1 12 13 16 18 19 5 6 8 9
1 10 11 12 13 13 14 16 18 3
0 10 11 13 14 3 4 5 7 8
0 1 11 13 18 19 4 5 6 7
0 12 15 17 17 18 4 5 6 9
10 12 14 17 17 18 5 6 7 8
10 12 16 17 3 5 7 8 9 9
0 10 16 18 3 4 7 8 9 9
1 12 13 19 2 4 5 6 7 8
1 13 16 19 2 3 4 5 7 8
11 11 17 2 3 4 5 7 8 9
10 11 13 19 19 2 4 9 9 9
0 1 12 15 17 18 19 3 6 6
1 11 15 15 15 16 19 19 6 7
12 14 15 15 17 18 19 6 7 8
12 12 15 17 19 3 3 3 6 8
0 1 1 10 13 14 15 19 5 6
0 1 10 12 13 18 2 5 6 8
0 1 11 12 5 6 7 8 9 9
0 10 10 14 16 18 19 4 6 9
10 13 17 17 2 4 5 7 8 9
11 14 15 18 19 2 5 7 8 9
1 10 11 15 16 18 19 2 4 8
0 10 10 11 14 18 19 5 6 8
0 13 16 19 19 2 4 6 9 9
11 16 16 17 18 3 7 9 9 9
10 13 14 18 19 4 5 6 9 9
1 15 18 18 2 3 4 7 9 9
0 10 14 15 17 19 2 7 8 9
1 11 15 16 16 17 3 3 4 7
0 0 14 17 19 2 3 5 6 7
10 13 15 15 19 19 19 2 3 5
11 13 14 16 17 19 2 4 5 9
0 10 18 19 2 3 4 7 9 9
10 12 13 14 14 15 2 5 6 7
14 14 16 19 4 5 6 7 8 9
0 1 10 12 16 17 19 3 6 8
0 10 12 19 5 6 7 8 9 9
0 10 11 11 16 18 2 3 6 7
0 1 12 14 14 16 18 2 4 5
16 17 18 19 2 6 8 9 9 9
0 10 10 14 14 18 2 3 5 8
0 1 10 12 14 17 17 5 6 8
10 10 12 14 15 18 3 6 7 9
0 11 13 14 16 16 17 6 7 9
0 11 11 14 15 16 17 18 3 4
0 10 12 16 19 19 19 2 4 5
0 10 11 17 19 2 4 7 9 9
1 12 14 16 2 2 3 4 7 8
1 10 15 18 19 2 5 6 7 8
0 10 11 12 14 15 16 2 3 7
0 13 13 19 2 4 5 6 7 9
10 11 14 15 15 16 18 19 6 8
13 14 14 18 18 3 5 6 8 9
15 16 16 3 4 6 7 9 9 9
1 10 11 10 11 16 19 5 8 9
11 12 14 14 15 15 16 6 7 8
1 11 13 15 17 17 19 4 8 9
0 11 14 15 18 2 3 8 9 9
13 15 16 17 18 19 2 5 6 9
1 10 14 15 18 2 2 6 7 9
0 1 1 16 19 4 7 8 9 9
10 12 15 15 17 19 3 5 7 8
0 1 1 10 12 14 16 18 6 8
0 1 12 14 15 16 5 6 8 9
1 1 12 15 19 5 5 6 7 8
15 15 16 17 19 2 3 5 6 8
1 10 12 13 18 18 18 19 3 6
11 11 13 14 17 18 17 18 5 6
1 11 11 14 16 16 18 19 3 5
10 10 11 13 14 16 16 2 5 6
1 11 13 15 15 18 5 6 9 9
14 14 17 18 19 2 4 5 6 7
0 1 11 12 14 14 16 4 5 7
14 16 17 19 5 6 7 9 9 9
0 1 10 11 14 16 19 7 8 9
0 1 11 16 18 19 2 7 8 9
10 12 14 18 2 4 5 7 9 9
10 11 12 15 16 17 18 19 5 7
1 10 12 14 5 6 7 8 9 9
10 10 15 15 17 19 7 8 9 9
1 11 16 18 2 5 6 7 8 9
0 10 12 13 14 19 5 6 7 8
12 13 15 17 17 19 2 5 6 8
1 16 17 2 3 4 5 7 8 9
0 11 12 17 17 2 4 6 7 8
10 10 14 16 16 18 2 3 7 9
14 15 16 18 18 3 4 5 7 8
1 10 17 19 6 7 9 9 9 9
10 10 15 15 17 3 6 7 9 9
0 1 12 13 16 2 5 6 8 9
0 11 12 19 19 2 3 6 7 9
0 14 14 15 16 19 19 2 4 6
10 11 11 14 16 18 5 6 7 9
1 1 11 12 13 17 19 6 8 9
0 1 13 15 15 18 4 5 8 9
11 12 15 15 17 2 4 6 7 8
0 1 11 14 17 2 5 6 7 9
11 11 12 14 15 18 3 4 7 8
1 1 16 17 3 6 6 9 9 9
0 1 10 11 16 17 3 5 6 7
10 10 18 18 2 4 5 8 9 9
0 1 10 11 14 16 17 19 6 8
11 16 15 16 3 4 5 6 7 8
0 11 12 13 16 18 19 2 6 8
0 10 18 2 2 4 5 6 9 9
1 12 13 19 3 4 6 8 9 9
0 10 10 11 12 15 17 19 2 8
10 12 14 16 3 4 7 8 9 9
1 12 14 18 18 19 4 7 8 9
0 12 13 16 16 17 18 4 4 6
0 1 10 14 15 16 18 19 2 3
14 14 15 16 18 19 4 6 7 9
1 10 11 12 14 14 15 16 5 6
0 14 16 17 2 2 4 6 7 9
10 10 13 17 2 3 4 5 8 9
0 10 11 12 17 3 3 6 7 8
0 1 11 12 16 18 19 2 4 6
10 11 15 15 15 19 5 6 7 8
0 10 12 17 18 18 19 3 6 9
0 1 11 2 3 4 7 8 9 9
0 1 14 14 16 18 18 4 5 7
0 10 11 17 2 3 6 7 8 9
10 11 13 14 19 19 2 3 4 8
12 15 16 17 19 19 2 3 4 6
11 12 3 4 5 6 8 9 9 9
10 13 15 16 17 8 9 9 9 9
12 13 15 17 18 19 4 5 6 8
10 11 12 13 15 15 4 6 7 8
10 15 15 17 18 18 3 5 6 8
0 10 14 16 16 3 6 7 9 9
0 12 15 15 16 6 7 8 9 9
12 14 17 18 19 2 6 8 9 9
0 1 15 17 18 19 3 3 6 7
0 10 11 12 13 16 18 4 8 9
0 13 15 16 16 6 8 9 9 9
0 10 11 14 15 17 18 4 6 8
0 11 10 11 16 3 4 6 7 8
1 10 11 12 15 18 19 5 6 8
1 15 17 19 19 6 7 8 9 9
1 12 12 17 17 3 4 5 6 9
0 10 10 11 14 16 16 2 4 8
0 14 16 19 2 3 4 6 7 9
0 15 16 19 19 2 4 6 7 9
1 16 17 17 18 19 2 5 6 8
1 10 1 13 14 15 15 17 2 4
15 16 17 19 19 19 3 4 5 8
0 1 11 11 12 18 19 4 7 8
1 1 10 11 12 15 16 8 9 9
11 15 17 18 2 3 5 6 7 8
1 1 13 14 15 15 18 2 8 9
1 16 17 18 19 3 4 6 7 8
10 11 13 13 17 2 3 5 8 9
0 10 18 18 19 4 6 7 8 9
10 16 16 16 19 3 4 6 7 8
12 13 14 14 2 3 4 6 9 9
12 14 15 16 2 3 5 6 7 8
0 11 15 3 4 5 7 8 9 9
0 10 12 15 18 19 4 4 6 8
0 10 11 14 15 17 5 6 7 8
0 11 12 15 16 19 3 4 6 7
10 11 12 14 16 17 2 6 7 8
1 12 12 13 14 15 17 3 6 8
0 10 13 2 2 4 5 6 9 9
14 15 16 19 19 2 3 6 9 9
11 12 13 14 16 18 19 2 3 8
1 10 11 12 16 18 18 5 7 8
13 14 14 16 16 19 4 6 7 9
1 11 11 13 15 18 3 6 7 8
0 1 10 13 14 16 18 2 4 6
0 10 14 15 18 19 3 3 4 6
0 1 12 12 14 18 3 3 6 7
0 1 1 11 17 18 3 4 7 8
0 12 13 16 3 5 6 7 8 9
0 1 10 14 16 3 3 4 5 8
10 10 12 16 16 3 5 7 8 9
1 10 12 14 14 16 17 19 2 3
1 1 11 16 17 18 19 2 4 5
12 14 16 18 19 2 3 4 5 8
0 13 14 16 18 19 2 3 4 9
1 1 12 19 3 4 5 7 8 9
0 10 11 12 14 19 4 5 6 9
10 15 15 16 17 18 2 6 7 9
0 1 10 14 17 18 2 4 6 8
0 10 11 12 14 16 18 2 9 9
0 1 13 16 18 2 5 6 9 9
0 12 13 16 17 19 19 2 5 8
11 12 13 15 2 2 5 7 8 9
0 11 13 16 2 2 5 6 7 8
0 1 14 14 16 17 3 4 5 7
11 12 13 14 15 17 19 2 6 7
13 14 15 17 2 4 5 7 8 9
12 13 15 17 18 3 3 4 5 7
0 0 10 12 14 14 17 19 2 6
1 11 11 14 15 2 2 3 7 8
0 14 17 17 3 4 5 6 7 8
1 14 15 17 18 2 3 4 6 7
10 12 13 15 16 17 17 19 6 8
0 1 12 12 15 19 3 5 6 7
14 14 17 19 19 4 5 6 7 9
14 15 17 18 19 5 6 7 9 9
11 13 16 18 2 4 5 6 8 9
1 1 12 13 14 5 6 7 8 9
10 11 18 19 2 4 6 9 9 9
0 10 10 11 12 16 18 19 4 7
0 10 13 14 15 16 2 6 9 9
1 12 14 16 18 18 2 5 7 9
1 13 13 14 15 16 3 5 8 9
13 16 16 19 4 5 7 8 9 9
0 11 14 17 17 17 3 4 6 8
10 12 13 14 15 18 19 2 3 7
0 10 13 17 18 3 5 7 8 9
0 11 11 13 14 15 2 3 4 6
1 12 14 15 16 17 2 3 6 7
11 13 15 16 18 19 3 6 7 9
1 15 16 17 19 6 7 8 9 9
13 16 17 18 19 4 5 6 7 8
0 10 14 15 18 2 4 6 7 8
1 12 12 17 18 2 2 6 7 9
0 1 10 12 14 15 17 2 6 7
0 11 12 15 16 16 17 8 9 9
0 1 14 16 17 18 19 19 2 4
12 12 14 15 17 2 3 4 6 9
0 10 10 15 16 17 19 2 7 8
0 1 12 12 12 3 3 6 7 8
10 16 17 18 19 3 5 6 7 8
1 10 11 13 17 17 2 6 7 9
0 1 11 12 16 18 3 5 6 9
0 10 11 11 3 4 7 8 9 9
10 13 15 17 17 19 2 3 6 9
0 11 14 16 2 3 4 5 7 8
1 10 16 19 2 2 5 6 9 9
13 13 19 3 4 5 6 8 9 9
11 10 11 16 18 2 4 6 8 9
10 12 14 2 3 4 4 8 9 9
1 10 11 14 16 19 3 6 8 9
0 13 16 17 3 4 5 6 7 8
10 10 11 15 16 19 2 6 7 9
