16 16 15 14 14 11 3 3 3 0
18 16 15 15 15 13 10 9 9 2
18 17 14 10 10 7 7 6 4 4
19 19 11 10 9 7 5 5 2 0
19 18 16 15 13 12 5 4 1 0
18 15 14 13 11 8 7 4 2 0
18 17 13 11 8 6 3 2 2 1
11 10 10 8 7 5 5 5 1 0
17 15 15 14 10 10 9 9 4 1
19 19 18 16 16 15 10 8 3 2
18 11 10 8 7 6 4 2 2 1
19 19 18 16 12 11 11 6 4 3
16 15 15 14 13 12 10 9 7 0
19 16 14 13 12 11 11 7 5 4
16 15 13 9 2 1 1 1 0 0
19 18 12 9 9 7 7 6 5 4
18 17 16 16 14 11 10 5 5 3
19 19 18 7 6 5 4 3 2 0
19 16 16 12 7 6 5 4 2 1
18 17 16 15 14 11 6 3 3 1
13 13 11 11 6 3 2 1 1 1
19 16 12 12 10 10 7 6 5 1
18 15 11 11 11 11 9 8 6 1
18 16 13 13 10 7 7 6 6 3
17 16 16 16 11 9 6 6 2 2
17 17 17 16 16 12 11 6 5 4
19 13 12 6 6 5 4 1 0 0
17 14 14 14 10 9 8 6 5 0
19 19 17 15 13 10 10 8 2 2
19 18 15 13 13 12 10 6 1 0
19 18 18 14 12 8 6 4 3 0
18 16 16 11 11 8 7 5 5 4
19 17 16 16 16 15 15 10 3 1
18 18 17 14 13 12 12 8 7 1
18 16 16 11 9 9 9 8 8 0
19 13 12 8 7 6 6 6 4 3
18 15 15 15 9 8 7 6 4 1
19 18 15 15 15 13 4 0 0 0
19 18 16 14 13 8 7 4 3 2
17 17 16 9 8 7 7 3 1 1
18 18 16 14 12 10 6 0 0 0
17 15 15 12 11 11 10 9 6 1
15 9 9 6 6 6 5 2 1 0
17 14 13 9 5 5 4 3 3 1
19 18 16 14 13 10 9 7 5 0
18 16 12 12 9 8 8 7 6 2
19 16 12 11 8 8 7 7 3 1
15 8 6 6 5 5 5 4 2 1
19 18 17 10 9 5 4 2 2 2
16 15 13 13 12 6 4 4 3 0
18 18 17 16 15 15 12 12 5 0
17 16 15 10 9 8 7 7 3 3
14 14 14 12 11 6 6 5 4 2
19 18 16 16 15 13 6 5 5 4
19 18 15 15 12 10 8 7 3 0
16 15 15 14 10 10 8 5 4 1
18 17 17 16 12 6 6 3 0 0
17 17 16 14 9 7 3 1 1 1
18 16 16 10 6 5 5 5 5 4
18 16 10 10 10 9 8 8 8 0
15 15 14 12 12 11 10 8 2 2
19 13 6 6 6 5 3 3 3 2
16 15 14 13 13 11 10 8 4 3
16 12 9 7 6 6 6 4 1 0
17 14 13 7 5 5 5 2 2 0
19 19 18 17 17 15 11 5 4 1
19 16 13 13 10 10 8 7 5 4
18 17 14 14 12 10 10 6 2 0
18 16 16 16 7 7 6 6 5 2
19 19 17 16 11 8 5 3 2 0
19 15 15 11 11 9 7 6 5 2
19 16 14 12 11 9 4 4 4 3
17 14 12 12 9 9 5 5 2 1
17 12 12 8 8 7 7 6 5 5
18 16 13 13 10 7 6 5 5 1
18 13 12 11 10 9 5 5 3 1
18 16 13 13 12 12 8 6 5 0
14 11 10 8 8 4 3 3 1 1
18 18 16 16 14 13 12 6 0 0
18 16 16 13 12 12 11 8 3 2
18 13 12 11 9 9 8 8 8 1
18 16 15 14 13 12 12 11 7 5
19 17 15 15 12 8 7 7 4 1
19 19 16 15 14 12 12 11 4 0
19 17 13 13 11 4 3 3 2 1
18 16 14 9 8 7 6 5 2 1
17 16 14 13 13 9 5 3 2 1
19 15 14 11 11 11 7 7 3 3
17 16 12 11 10 10 9 9 8 1
15 11 10 10 9 8 4 4 2 1
19 18 15 15 10 9 7 6 5 5
18 18 13 12 10 10 8 7 1 0
16 16 15 14 14 12 11 9 7 4
19 17 14 12 10 9 7 6 2 1
10 8 7 7 6 6 5 5 5 0
18 15 14 14 14 12 10 10 9 4
18 16 16 15 14 8 6 3 2 0
19 17 13 11 11 11 9 6 4 3
19 17 17 14 10 10 8 2 0 0
17 14 11 11 7 6 4 3 3 0
19 16 14 14 13 11 10 7 6 0
15 13 11 10 10 8 8 7 1 1
19 18 8 8 6 6 5 3 2 1
17 16 15 14 10 9 4 4 3 1
19 17 16 15 14 12 11 8 7 5
16 15 14 12 12 7 6 5 2 1
18 16 15 14 12 9 9 8 3 0
19 19 18 15 14 12 12 11 10 2
16 15 15 13 13 10 5 2 0 0
18 16 11 10 9 7 5 5 1 0
18 18 16 16 15 14 9 5 2 0
18 14 9 7 6 3 2 2 1 0
17 16 15 10 7 6 6 4 4 0
18 17 14 11 10 10 8 6 3 0
18 18 11 10 10 9 9 6 6 4
19 18 16 16 14 9 4 3 1 0
19 18 15 14 14 13 9 4 3 0
17 17 16 7 7 6 3 2 0 0
16 12 10 8 6 6 5 3 2 2
18 15 14 14 10 4 4 1 1 0
9 7 6 5 4 3 2 2 1 0
19 18 13 12 7 7 5 4 3 1
15 15 15 13 10 10 7 7 7 2
19 18 16 16 11 10 9 8 6 5
19 18 15 14 12 10 9 8 7 6
19 18 17 16 14 13 6 5 5 1
14 13 11 8 8 8 4 4 3 2
19 17 14 13 13 12 8 4 4 2
19 16 15 14 13 12 10 8 7 4
19 18 14 14 11 8 6 4 2 1
17 13 13 10 10 10 8 7 7 2
16 13 12 9 9 9 7 5 5 1
18 11 10 9 8 5 4 2 2 0
17 17 17 17 16 11 8 4 3 0
19 19 17 15 14 13 12 8 3 0
18 14 12 11 11 9 7 3 2 2
19 18 17 16 12 12 12 11 11 6
13 13 9 8 5 5 2 2 1 1
19 19 18 15 15 13 11 9 5 3
19 19 18 15 9 8 8 7 4 0
19 18 14 14 13 11 11 10 8 2
17 13 12 11 10 4 1 1 0 0
19 15 13 13 11 10 9 7 4 1
14 14 11 11 10 10 8 7 3 2
18 16 12 11 11 10 5 4 2 2
17 17 14 13 12 11 10 6 3 3
17 17 15 14 10 9 9 5 2 2
19 19 17 15 14 11 8 5 4 2
17 16 15 14 11 10 9 8 6 3
19 19 18 17 7 6 5 5 4 1
16 16 15 13 6 6 2 2 1 1
19 18 16 15 15 14 13 10 3 0
19 13 13 11 10 9 8 4 3 0
16 10 10 10 9 8 7 3 2 1
15 15 15 15 10 9 9 9 3 2
17 17 15 15 14 13 9 5 5 4
19 18 16 16 15 15 12 4 2 0
16 16 16 14 13 11 11 4 3 2
19 16 15 14 13 10 10 6 2 0
19 19 17 11 11 9 9 7 6 4
16 15 13 8 7 7 5 4 2 1
18 18 17 16 15 9 5 4 0 0
17 15 10 9 8 5 3 2 1 1
18 16 15 14 14 12 7 7 0 0
19 17 16 15 12 10 3 2 2 1
18 17 16 15 15 15 14 11 7 4
19 13 9 7 5 5 5 2 2 0
19 15 15 14 10 5 5 4 2 1
17 17 16 15 13 11 7 6 5 0
19 17 17 14 12 9 6 4 2 2
19 19 15 14 12 12 10 8 5 5
18 18 16 14 12 12 11 10 7 6
16 15 14 13 10 8 7 7 5 1
16 11 10 9 6 3 2 1 1 1
18 18 17 10 9 4 3 2 2 1
19 14 11 11 10 9 8 7 1 0
19 19 17 14 12 8 6 5 3 2
19 18 16 16 14 13 12 12 9 4
14 14 12 10 9 6 4 3 0 0
18 17 16 15 12 12 12 11 3 0
19 18 18 17 7 5 3 2 1 1
19 17 17 15 15 9 9 5 4 2
19 18 13 12 8 8 5 5 2 1
17 16 14 8 7 6 6 3 2 0
15 14 9 8 7 6 4 2 1 1
19 18 17 13 11 9 5 5 2 0
16 15 15 12 10 8 5 5 4 0
19 17 15 14 14 13 10 9 6 5
15 15 12 9 9 9 7 6 3 1
18 17 13 12 11 8 7 7 4 0
19 18 17 16 13 13 11 3 2 0
18 18 17 17 8 8 7 6 4 3
19 17 17 15 14 13 12 8 6 2
19 16 14 13 10 10 9 8 2 0
19 19 18 17 16 15 12 11 8 8
19 19 16 15 13 10 3 3 1 0
19 19 17 15 12 10 6 4 4 2
18 14 10 10 10 7 7 6 5 3
16 16 15 12 12 8 4 1 1 1
18 15 15 15 14 10 8 6 2 1
10 9 9 8 8 8 5 1 0 0
18 17 17 16 15 10 10 3 1 0
19 17 15 14 13 10 10 9 3 2
14 13 10 10 8 6 5 4 4 0
15 12 10 10 8 8 7 6 5 3
17 16 11 9 8 7 6 6 4 2
19 16 14 12 10 9 6 5 4 3
15 13 12 8 7 4 4 4 3 1
18 17 12 11 9 6 5 3 2 1
19 18 15 15 9 8 7 4 2 1
19 19 11 9 9 8 6 5 4 1
17 15 12 10 10 10 8 5 4 1
12 12 8 8 8 4 3 3 1 0
16 14 14 12 11 11 10 3 2 0
19 19 18 13 12 11 6 5 2 0
19 18 17 16 13 12 11 11 11 6
19 19 16 16 13 13 10 9 8 2
19 16 13 9 9 8 7 6 3 1
18 17 14 10 10 10 9 6 6 5
16 16 14 12 11 10 10 8 4 1
18 10 5 4 3 3 2 1 0 0
17 15 14 14 13 9 9 4 4 0
19 19 17 12 9 8 1 0 0 0
18 18 16 11 10 10 8 4 4 3
19 18 17 14 8 8 7 7 4 1
19 17 15 12 9 8 8 7 6 5
19 17 17 12 10 10 10 7 6 1
19 18 15 14 14 11 10 10 1 0
18 17 12 9 9 8 6 3 3 2
19 18 16 14 13 12 9 8 5 3
19 15 13 11 10 6 4 4 0 0
19 14 13 13 12 11 7 7 2 1
18 12 11 10 9 8 5 4 4 3
16 13 12 10 8 5 3 1 1 0
19 19 16 15 13 8 8 7 6 3
19 16 14 10 9 9 7 4 0 0
19 16 16 16 13 12 12 9 6 4
19 19 19 15 14 13 10 7 7 4
18 14 13 11 11 9 5 4 3 1
19 18 18 15 15 14 12 6 3 0
15 15 6 5 5 2 1 1 0 0
18 18 14 12 11 4 3 3 1 1
16 13 12 11 10 9 7 6 5 4
19 18 13 10 9 8 7 6 4 3
19 18 14 11 10 9 6 4 3 2
19 19 10 10 8 8 7 5 2 0
16 15 15 8 5 4 3 1 1 0
15 15 12 10 10 7 4 2 2 0
19 18 18 18 16 15 12 10 5 1
12 10 9 8 7 6 5 3 1 1
15 15 14 11 10 7 6 5 3 0
19 15 12 12 11 10 10 9 7 1
19 13 12 10 6 5 4 3 2 0
17 15 14 12 10 8 8 6 2 2
19 19 18 18 16 6 4 2 2 2
14 14 14 11 11 5 5 5 2 2
18 15 14 13 12 7 6 4 2 1
16 15 14 14 12 9 3 1 0 0
16 9 9 9 8 7 6 6 4 1
19 19 17 16 15 14 14 14 13 12
19 15 11 7 7 7 6 3 0 0
19 16 15 15 10 9 6 5 5 3
19 19 15 14 13 11 10 9 6 4
19 14 12 7 6 4 4 1 0 0
19 18 17 14 14 9 9 4 0 0
18 13 12 12 10 9 6 4 3 1
18 18 16 15 11 8 7 6 4 3
17 16 16 14 9 8 4 4 3 2
19 18 17 14 10 8 6 5 5 3
17 12 11 7 7 5 4 3 3 0
19 15 15 13 11 10 10 9 5 1
17 14 12 11 10 6 6 1 1 0
18 16 16 14 14 13 12 9 2 0
14 13 13 13 11 11 8 2 1 0
17 16 16 15 8 8 8 3 2 2
17 17 10 9 9 6 5 3 1 1
15 15 13 13 12 11 9 8 6 3
13 12 12 12 11 7 5 4 4 3
18 17 17 15 14 13 11 10 6 3
19 13 12 10 9 7 5 5 4 4
17 17 15 13 8 7 4 4 2 2
18 18 17 16 12 11 11 9 8 7
16 14 13 12 9 8 7 3 1 0
19 18 13 12 10 10 9 5 3 2
19 19 17 15 11 10 10 9 3 2
15 12 12 12 9 9 2 1 1 0
19 18 15 12 12 9 9 7 3 1
17 13 12 12 10 10 5 4 3 1
19 18 15 15 14 13 10 9 9 7
18 17 16 16 9 7 4 3 3 0
17 17 16 15 11 7 4 3 2 2
19 18 12 8 7 6 5 0 0 0
18 15 12 12 6 6 5 1 0 0
17 13 11 10 10 8 6 3 3 1
15 15 15 14 7 5 5 4 3 3
19 17 16 14 12 8 8 5 2 1
19 18 13 10 10 9 6 6 2 2
16 13 12 11 11 8 4 4 3 2
19 19 17 12 12 10 10 5 1 0
19 16 16 14 13 12 11 4 3 3
19 19 17 16 15 13 7 7 0 0
19 12 11 8 7 7 5 5 2 0
18 15 14 13 13 12 12 1 0 0
18 17 13 12 10 9 8 4 4 1
17 17 15 12 11 9 8 6 4 4
19 18 18 17 16 14 13 12 7 6
18 18 18 15 11 10 8 6 3 2
14 12 10 10 8 4 4 3 2 0
19 17 14 14 12 10 10 9 2 2
18 15 12 11 9 4 2 2 1 0
19 16 16 14 14 12 6 5 0 0
19 19 15 10 9 7 5 4 2 0
18 17 10 7 4 2 1 1 0 0
18 16 15 14 14 6 6 5 2 1
19 17 13 11 11 9 7 7 2 2
19 19 16 16 14 12 7 6 2 0
15 13 10 10 10 9 9 8 4 0
18 17 16 15 13 9 9 6 6 1
17 17 15 14 14 7 7 2 0 0
17 14 13 13 10 9 5 2 1 1
19 18 18 18 17 16 10 8 7 0
16 16 13 11 10 10 10 9 4 3
19 19 17 13 13 12 11 9 4 3
17 15 10 9 8 7 7 3 1 0
17 16 14 11 11 10 9 9 3 1
19 14 13 12 12 11 10 10 1 1
17 17 17 16 15 14 10 5 4 2
19 18 13 13 13 11 6 2 2 2
18 18 16 14 13 13 8 5 3 1
18 17 15 15 9 8 8 1 1 0
19 18 18 18 18 15 13 11 10 6
19 18 18 7 5 3 1 1 0 0
19 18 14 14 12 11 10 4 4 4
19 15 15 12 12 11 8 6 4 3
18 16 15 14 13 11 9 8 7 2
19 18 15 14 7 5 1 1 0 0
19 19 15 15 12 12 11 9 3 0
19 17 15 15 13 12 4 2 0 0
16 15 14 12 12 8 5 5 3 2
18 15 13 11 10 9 8 7 0 0
17 15 14 14 7 6 5 5 4 0
18 16 15 12 10 7 4 4 4 3
16 15 14 13 13 7 7 6 3 2
18 12 10 10 6 6 5 5 2 2
19 17 17 15 14 4 3 3 2 1
16 11 10 10 9 7 7 3 2 0
17 17 15 13 11 10 10 8 4 2
19 16 15 13 12 6 4 4 2 2
14 11 10 10 9 8 6 4 1 0
19 18 17 16 15 13 11 4 1 0
19 18 13 10 9 7 6 4 1 0
19 14 13 13 10 8 5 5 4 4
19 19 18 18 15 10 9 7 1 1
18 18 17 13 13 11 9 7 4 0
19 18 9 6 5 4 4 3 2 2
18 18 17 16 11 11 9 4 2 1
18 13 10 10 10 9 8 8 5 2
19 15 13 11 11 7 4 1 0 0
19 19 17 16 16 15 14 9 8 3
16 15 15 13 12 10 8 5 5 2
19 18 18 12 11 8 8 6 3 0
11 8 6 5 5 4 3 2 2 0
19 19 19 16 13 13 12 7 6 6
14 10 10 9 7 5 5 4 2 0
19 18 16 16 15 11 10 9 8 7
19 19 16 12 11 8 7 4 1 1
17 17 16 16 14 8 8 7 7 1
17 16 16 13 11 10 8 7 7 1
19 19 18 15 10 10 9 7 6 3
18 16 15 15 10 10 8 5 2 0
19 11 8 6 5 4 2 1 0 0
19 19 17 17 16 13 9 5 4 2
17 16 12 10 9 9 8 6 3 0
18 17 15 13 12 11 5 4 0 0
19 15 15 15 9 5 2 2 0 0
18 16 15 14 11 10 7 6 6 2
19 17 11 10 8 7 6 6 5 4
19 18 15 11 10 4 2 2 2 1
19 19 18 17 16 10 8 3 3 1
19 18 17 15 12 9 8 3 1 0
18 16 15 11 10 8 8 8 5 0
19 16 13 12 11 7 1 1 0 0
19 18 17 16 10 9 3 2 0 0
19 15 14 11 7 5 4 2 1 0
18 16 16 14 14 12 8 7 6 3
15 13 7 6 5 4 3 3 2 0
19 19 17 10 10 9 7 6 4 2
15 14 12 11 10 8 5 4 2 1
19 16 11 11 6 5 3 2 1 1
19 15 13 12 8 8 7 4 2 2
19 17 12 12 12 12 7 5 3 1
17 16 16 14 12 10 10 9 6 4
19 17 15 11 10 8 6 5 2 0
19 17 16 13 12 7 5 3 3 0
17 13 11 9 7 6 4 4 3 3
18 15 13 7 7 6 5 4 2 0
16 15 14 13 12 11 9 4 3 0
18 14 14 13 11 9 4 1 1 0
18 16 14 11 9 8 8 8 3 3
17 16 14 12 9 7 4 4 3 3
19 18 16 16 9 7 7 6 5 5
19 19 16 13 13 11 6 5 3 3
19 17 15 15 14 12 7 6 5 2
18 15 14 13 13 10 7 5 0 0
19 17 16 14 13 8 5 1 0 0
16 15 13 12 7 7 4 2 0 0
19 16 14 11 8 8 5 2 1 0
19 19 16 16 14 8 6 4 3 0
19 19 15 14 14 14 13 6 6 3
18 14 13 11 11 10 9 8 8 6
19 17 14 13 13 11 9 3 2 0
18 17 14 13 11 9 6 4 4 1
19 19 18 17 15 13 11 8 4 4
15 12 9 7 4 3 3 3 1 1
19 16 15 14 14 12 11 10 4 1
16 16 15 15 12 12 9 8 6 2
17 16 13 13 9 8 6 5 4 2
17 16 15 14 10 8 5 2 1 0
15 14 13 10 7 7 4 3 3 0
17 16 14 12 7 6 5 1 1 0
15 14 13 13 11 10 6 5 4 1
19 16 11 9 7 7 7 6 2 1
19 19 19 17 12 11 8 8 6 6
18 17 9 9 8 7 5 4 4 0
17 17 14 12 10 10 9 5 2 0
18 17 17 16 14 14 11 10 5 2
18 17 17 16 15 14 10 10 3 0
19 19 18 13 12 8 8 7 3 1
19 18 18 17 16 13 12 11 9 6
18 17 16 13 13 9 8 5 5 0
15 14 14 13 12 8 8 8 2 2
18 17 15 14 11 8 7 7 5 1
18 17 16 16 13 11 8 7 2 1
19 16 13 13 11 8 3 2 1 1
17 13 12 8 7 6 5 4 3 2
16 15 14 12 11 10 8 6 3 0
18 13 12 8 8 7 4 3 1 0
18 16 16 12 12 12 11 8 4 2
16 14 12 11 8 5 3 0 0 0
16 15 11 11 11 10 10 7 3 2
19 18 13 13 12 9 6 6 6 6
16 13 12 11 10 6 5 1 1 1
17 14 12 10 8 3 3 3 2 1
19 13 13 12 10 8 6 5 4 2
16 16 12 11 8 7 6 5 0 0
19 18 15 14 11 8 7 6 5 4
16 14 13 12 11 9 7 3 1 0
19 18 14 14 13 10 7 4 3 1
14 11 10 7 7 6 6 3 2 1
19 19 19 13 10 8 6 5 3 1
19 19 18 15 14 13 9 7 1 1
18 17 15 14 12 10 5 5 2 0
19 19 15 14 10 8 7 5 0 0
18 15 15 12 12 10 9 6 5 5
14 12 9 7 7 6 6 5 3 2
19 10 10 10 7 6 3 1 1 0
17 16 15 10 10 10 7 5 2 0
19 18 17 15 12 9 9 7 2 0
19 19 17 13 11 10 7 5 4 2
18 17 9 8 4 3 3 2 2 0
16 15 14 14 11 10 9 6 5 3
18 18 16 15 14 11 8 7 1 0
19 16 12 11 10 8 7 7 5 1
18 15 15 13 10 9 8 6 4 1
18 17 12 11 7 7 2 1 1 0
16 14 13 11 10 8 7 6 2 0
17 17 16 15 13 6 3 2 1 0
16 16 14 11 10 10 7 7 2 2
19 18 13 11 10 5 5 5 5 0
17 16 13 12 10 9 7 6 5 1
18 15 15 15 14 13 5 3 1 1
18 16 14 13 6 4 3 2 2 1
18 16 16 14 11 8 5 2 1 0
18 13 12 6 6 5 2 1 0 0
19 17 16 13 12 9 8 7 7 1
19 19 17 16 15 11 10 8 6 1
18 17 16 15 11 5 3 2 2 0
16 16 8 7 5 4 4 3 1 0
19 19 16 14 10 10 9 7 3 1
19 17 15 13 11 11 11 4 3 2
18 17 14 10 7 5 5 5 1 1
18 13 12 11 11 11 10 9 2 0
19 19 18 17 14 12 8 5 2 0
19 16 16 15 13 11 9 6 4 0
17 17 12 11 10 10 7 7 2 2
18 17 16 13 13 9 8 6 4 0
19 18 15 13 12 9 8 7 5 0
14 13 11 8 8 7 5 5 4 0
13 11 10 9 9 4 4 2 2 1
16 15 15 13 10 9 9 7 6 4
16 15 15 14 13 11 9 8 4 0
19 19 18 16 14 4 4 3 3 1
19 15 13 7 7 6 3 3 2 1
19 17 13 10 10 8 4 2 2 1
19 17 13 12 12 10 9 7 4 3
19 16 12 10 7 5 4 4 3 2
16 13 13 8 4 3 3 1 1 1
19 18 15 13 11 10 8 2 1 0
18 18 17 15 11 11 7 6 5 4
16 14 13 12 11 10 9 4 3 0
19 16 15 15 13 12 8 3 1 1
18 15 12 7 3 3 2 2 1 0
12 11 11 9 8 7 7 2 0 0
17 14 11 10 9 6 5 5 5 1
19 17 15 14 11 10 7 7 7 5
17 17 15 14 14 13 9 7 3 1
18 15 15 10 9 8 8 7 7 0
16 16 15 15 12 10 9 6 3 3
19 18 14 14 13 12 8 7 6 5
19 17 16 16 14 14 12 9 8 5
16 14 14 12 6 5 4 1 1 0
19 18 13 11 9 8 7 3 0 0
17 11 9 8 7 5 2 2 0 0
19 17 14 10 9 9 7 5 2 0
18 18 15 14 14 9 9 6 4 1
17 16 15 15 13 10 10 8 1 1
19 16 15 15 14 14 11 8 3 2
16 16 12 12 8 8 7 3 3 2
17 16 15 11 7 5 3 1 1 0
18 13 13 10 9 7 6 5 5 1
17 15 14 14 12 11 9 6 5 0
19 18 18 15 13 13 12 8 8 0
19 16 15 14 11 8 6 4 2 1
19 13 10 10 10 9 6 6 5 2
19 17 17 15 13 11 9 6 6 1
18 16 16 16 11 10 7 7 5 3
19 19 19 17 15 13 11 9 9 8
19 17 17 15 14 12 11 10 4 3
16 14 11 10 8 7 6 4 3 3
16 14 13 11 6 6 5 4 2 2
17 15 14 13 11 9 8 6 5 0
12 11 10 7 6 4 4 3 3 2
18 8 7 7 6 6 5 4 4 2
18 17 13 12 11 9 7 5 5 0
13 12 11 11 11 8 6 3 3 0
19 14 12 11 9 6 6 4 2 0
17 16 16 15 15 14 6 5 3 1
19 17 15 13 13 12 11 9 1 0
17 16 15 12 12 11 9 5 2 1
17 15 15 11 6 6 5 5 2 0
15 14 13 11 10 8 8 6 5 3
19 19 18 17 13 9 5 4 0 0
19 17 14 14 13 13 12 6 6 5
18 17 17 14 11 8 7 5 3 1
17 15 14 14 13 7 6 4 4 3
19 17 17 15 15 14 12 8 5 4
19 19 19 17 16 12 10 4 3 1
14 14 12 12 10 10 8 3 3 1
17 16 15 14 13 10 9 9 6 5
10 9 8 8 7 6 6 3 2 1
17 15 14 13 11 9 6 6 5 0
14 12 11 10 9 4 3 3 0 0
19 16 9 9 6 6 5 3 2 0
19 15 15 13 11 10 6 3 1 1
18 16 14 11 8 6 5 5 0 0
18 17 17 17 16 6 6 6 1 0
18 15 14 13 12 9 8 8 2 0
17 16 14 12 11 11 10 8 7 2
18 17 17 15 10 10 4 3 2 0
19 18 12 11 11 8 7 6 4 3
17 16 16 14 6 5 3 2 0 0
16 14 13 11 10 5 2 2 2 0
19 17 17 16 11 7 3 2 1 1
19 16 15 14 12 10 10 5 5 2
16 14 13 12 12 11 10 10 5 1
18 16 7 7 4 4 3 2 2 0
19 13 13 12 8 8 6 5 5 3
16 15 14 14 8 7 7 4 1 0
18 17 14 12 11 10 6 6 5 0
16 16 12 10 9 6 6 6 2 2
18 18 16 16 11 7 3 1 0 0
18 17 13 9 9 7 6 4 1 0
19 18 10 7 6 6 6 6 1 0
19 18 18 15 13 12 11 6 4 3
16 15 15 14 9 8 4 2 1 0
19 18 18 9 8 7 5 4 3 3
19 18 18 18 17 16 15 15 12 3
18 17 17 15 13 12 11 6 4 2
17 9 9 4 3 3 2 2 2 0
18 17 14 13 8 6 6 5 4 2
18 16 16 13 12 11 11 10 5 4
16 12 10 8 6 6 4 3 1 1
18 17 16 15 15 10 10 9 4 2
18 17 16 16 13 13 13 12 10 1
18 17 15 14 13 11 9 6 5 1
19 16 16 15 9 6 5 5 4 0
17 16 15 13 12 11 7 4 2 0
18 17 11 11 10 9 6 3 1 0
15 13 11 10 9 8 7 5 4 2
19 19 17 14 6 6 2 2 2 0
19 11 9 9 9 8 7 4 3 0
19 18 16 15 13 12 9 7 5 2
18 16 15 13 9 6 6 4 2 1
15 13 12 12 10 9 8 5 4 2
15 12 12 8 7 7 6 5 2 1
19 19 18 12 12 12 5 5 5 1
19 19 19 16 14 7 6 5 3 0
18 17 12 10 7 6 6 2 2 1
19 19 16 13 10 7 6 6 0 0
19 18 14 13 13 5 2 2 2 2
19 18 16 14 12 11 9 8 7 5
19 15 11 11 10 10 7 3 3 0
16 16 8 7 6 4 4 3 2 1
16 13 12 11 10 8 7 3 2 2
19 13 13 11 10 9 7 6 1 0
19 18 17 15 12 8 5 3 1 0
19 18 18 13 9 8 8 5 4 2
19 19 18 17 16 15 8 7 4 0
19 16 14 13 9 7 3 3 1 0
19 18 17 13 9 6 6 5 1 0
18 15 13 12 10 9 8 4 4 1
17 14 14 14 11 9 9 7 5 2
18 13 13 13 12 8 4 4 3 0
18 17 17 16 15 14 12 11 7 4
12 11 10 8 8 7 4 3 1 0
19 18 17 17 15 7 6 4 2 1
18 18 16 8 8 4 3 2 1 1
17 16 13 10 4 4 3 2 1 0
19 16 15 14 13 12 11 9 9 0
19 19 17 11 10 9 7 6 2 1
18 12 11 11 9 8 5 4 1 0
16 15 13 13 7 7 7 6 4 2
19 19 18 17 13 11 6 4 1 1
19 15 14 12 10 8 6 3 2 1
19 19 17 17 12 12 9 8 7 0
18 17 15 13 11 11 7 7 5 3
19 19 17 16 15 14 11 11 6 4
18 17 17 14 14 12 11 11 6 5
19 18 15 14 14 13 11 7 4 3
17 15 15 14 12 9 8 8 6 0
19 19 17 16 11 10 9 8 6 4
15 14 13 12 9 9 9 8 7 5
18 16 14 11 11 9 9 9 4 3
15 13 12 12 10 9 8 6 5 2
19 16 14 12 12 11 11 8 4 1
19 18 18 15 13 12 8 6 4 4
19 19 18 13 13 12 11 11 3 3
18 16 15 12 12 9 8 5 4 1
18 14 13 12 12 8 6 5 4 2
19 18 11 11 5 3 2 1 0 0
18 16 13 10 9 7 7 6 5 4
19 18 17 8 7 4 2 0 0 0
18 16 16 13 11 6 5 3 3 1
19 19 16 16 16 11 8 7 4 1
19 15 14 13 11 7 6 4 3 3
16 16 15 13 13 10 4 4 3 0
16 15 14 14 13 6 5 4 1 1
19 17 13 12 8 6 6 5 1 1
19 17 15 15 15 12 11 10 6 0
19 14 13 11 9 8 7 5 2 1
16 14 12 11 9 8 2 2 2 0
15 15 13 12 10 8 7 1 0 0
17 17 14 11 9 8 5 4 3 3
18 15 14 12 12 11 9 3 0 0
17 11 11 8 8 8 7 6 3 2
19 18 18 17 13 12 9 5 3 0
13 11 11 10 8 7 5 5 3 2
18 16 16 13 13 10 9 9 7 4
19 14 11 11 10 9 6 5 2 1
18 17 17 15 14 14 7 7 6 1
19 18 16 14 14 13 11 7 4 1
15 14 14 13 12 10 7 5 5 4
18 16 13 13 12 11 7 5 4 0
17 14 13 12 12 12 10 10 8 6
15 15 13 13 10 7 6 6 3 1
18 17 17 17 16 12 6 6 4 2
18 17 15 11 10 9 6 6 4 2
17 17 17 17 15 15 14 13 11 0
13 7 7 6 4 3 3 1 1 0
19 17 15 13 13 12 10 7 7 4
15 11 5 4 4 4 3 3 3 0
18 17 11 8 7 6 2 2 1 0
17 16 15 13 12 10 4 4 2 1
16 13 11 11 9 8 7 7 5 3
17 16 11 9 8 6 5 4 4 0
17 16 14 14 8 8 7 3 2 1
9 9 8 7 6 6 6 5 5 1
15 14 10 9 9 9 8 5 5 0
18 17 16 15 15 14 12 12 6 6
19 18 18 17 12 9 8 4 4 1
17 15 14 13 11 10 8 6 3 3
18 17 15 11 11 9 7 6 4 1
17 13 13 11 10 8 7 7 6 6
19 16 13 13 12 9 5 3 3 0
19 15 12 9 9 7 5 2 2 2
18 17 17 17 11 11 7 6 6 4
18 17 17 15 15 11 9 8 4 2
15 13 10 10 9 7 5 3 3 2
19 19 18 15 11 9 8 5 1 0
15 15 14 13 7 7 6 6 4 0
18 16 15 15 12 10 4 4 2 1
18 17 14 14 14 9 5 3 3 2
17 16 16 14 12 12 11 11 11 3
19 17 14 12 10 9 7 5 5 1
19 18 14 14 11 5 5 4 3 0
19 10 10 9 8 7 5 4 4 0
19 19 14 12 10 9 5 5 3 1
16 15 10 9 7 3 1 1 0 0
18 18 17 13 13 12 10 7 6 3
19 19 17 17 13 10 9 3 1 0
17 14 12 8 8 6 4 3 1 0
19 17 16 15 12 8 4 4 3 2
19 16 15 7 5 5 5 4 4 3
18 17 13 11 7 7 5 4 2 0
17 17 16 13 11 11 9 8 4 3
17 15 13 12 10 7 3 1 0 0
17 15 14 14 12 11 10 9 9 6
19 19 18 16 12 12 10 6 2 1
16 13 11 7 6 5 5 2 0 0
18 17 15 12 9 6 5 5 1 0
19 18 16 11 7 6 5 4 2 2
15 14 13 10 9 6 5 4 1 1
17 13 13 9 9 8 3 2 2 0
17 15 11 11 11 10 10 7 5 2
15 15 15 13 12 12 11 11 7 4
19 18 17 13 11 10 10 10 7 1
19 15 14 13 13 11 10 10 3 2
18 17 17 17 10 10 9 8 8 4
19 19 17 12 9 6 6 6 3 3
18 17 14 7 4 4 3 3 3 2
13 12 9 7 3 2 2 1 1 0
19 19 16 16 15 11 10 6 6 0
15 14 14 13 12 11 8 7 6 1
17 16 15 11 9 9 6 4 1 0
15 15 15 14 9 7 6 4 3 2
13 12 10 8 8 7 6 5 3 3
18 14 13 13 11 10 10 10 3 3
19 17 12 11 7 7 5 3 2 0
19 19 17 16 14 13 12 4 4 3
18 18 16 12 10 4 4 4 2 1
19 14 14 11 9 9 8 3 2 1
18 18 17 13 13 11 9 7 1 0
18 14 12 11 9 8 4 3 2 2
18 16 16 12 11 10 9 6 1 0
17 15 15 15 12 6 5 3 1 0
15 15 12 11 6 5 2 1 1 1
19 15 15 13 11 10 6 3 3 2
17 17 14 14 13 11 11 7 6 4
19 16 15 12 7 5 4 4 2 1
19 17 16 12 11 6 6 5 4 3
18 15 12 11 10 8 8 7 4 4
19 19 18 17 10 9 7 3 3 0
19 18 17 15 15 13 11 8 6 1
18 15 15 10 9 8 5 4 4 3
14 10 10 8 8 4 3 2 2 1
15 13 13 9 8 8 4 3 1 0
17 17 17 14 13 11 9 2 1 0
18 16 12 11 10 10 5 2 2 1
17 16 16 15 10 10 10 8 4 0
16 15 15 13 7 6 5 3 1 1
18 18 15 14 14 10 9 8 7 4
18 18 16 15 14 13 12 10 6 6
17 17 16 11 11 8 8 4 2 1
19 13 12 12 10 10 9 8 4 1
15 15 13 13 8 6 5 4 1 0
17 15 14 14 13 13 9 8 4 0
18 17 13 13 11 11 11 11 3 0
18 15 13 13 11 11 10 9 7 0
19 9 7 6 3 3 2 1 1 0
19 12 10 8 7 6 6 2 1 1
18 16 15 15 14 9 8 7 1 1
17 15 15 14 11 9 5 4 3 3
19 18 12 10 6 5 5 4 3 0
18 18 17 14 13 12 10 3 1 0
19 15 14 10 9 7 4 3 1 1
18 17 13 13 12 8 6 5 4 1
16 16 16 15 14 13 8 5 3 1
17 17 17 15 12 11 6 5 0 0
12 11 11 8 7 6 6 4 3 0
17 17 13 12 11 9 9 8 7 4
18 13 10 9 4 4 2 2 2 1
17 17 13 13 11 9 9 6 5 3
17 13 11 10 10 9 3 1 1 0
18 18 15 14 14 13 9 7 3 0
18 17 16 15 13 13 11 3 2 1
17 15 11 9 7 6 6 4 2 2
18 17 16 14 11 10 10 9 9 3
19 17 15 15 13 8 5 5 3 1
19 13 12 11 10 8 7 5 4 4
19 18 14 13 12 9 3 1 0 0
19 15 14 14 13 11 7 6 4 2
19 18 17 16 12 11 4 4 3 0
14 12 12 12 11 10 10 10 4 2
18 17 15 15 13 12 12 4 3 2
18 17 13 13 10 7 6 6 6 2
19 17 16 16 15 14 14 7 4 3
19 15 15 14 14 12 8 8 5 5
19 14 13 12 11 10 9 8 3 3
16 16 14 11 7 7 6 6 3 2
19 18 18 17 15 15 15 14 12 4
19 17 17 17 16 14 12 9 8 5
19 18 18 16 15 7 4 1 0 0
19 16 16 14 14 10 9 5 2 2
19 19 16 15 14 13 13 8 4 0
16 15 12 12 12 11 11 10 7 6
16 16 14 14 10 10 9 6 5 2
15 13 12 9 7 5 4 1 0 0
19 14 13 12 6 5 3 2 2 2
16 15 13 11 11 11 10 5 4 4
16 16 15 12 12 6 6 6 4 3
16 14 13 11 9 9 8 5 5 3
17 15 13 12 9 3 3 2 2 1
18 17 13 13 11 10 6 6 2 0
17 15 15 14 10 5 3 0 0 0
17 13 13 12 9 6 6 4 4 2
19 19 15 14 11 8 7 2 1 0
19 15 10 9 9 5 5 2 1 0
16 14 14 13 10 7 6 4 3 3
19 18 12 11 8 7 6 5 5 4
19 12 8 7 3 2 2 1 1 0
18 18 17 14 8 7 2 1 1 0
18 18 17 14 10 8 6 3 3 1
15 8 8 7 7 6 5 3 2 1
18 14 13 12 10 6 6 2 1 0
19 18 17 13 13 6 4 3 3 2
18 18 17 14 13 12 9 6 3 1
17 16 14 14 11 7 4 4 2 2
13 13 12 10 9 9 7 5 2 1
16 16 16 13 9 7 6 5 1 0
15 12 12 9 8 8 7 4 2 0
17 15 12 8 7 6 6 5 1 0
19 18 16 16 15 14 14 12 9 6
19 18 14 11 10 10 6 6 5 4
19 19 18 17 15 13 11 11 9 1
17 13 11 10 3 2 1 1 0 0
18 16 14 7 6 4 3 1 1 0
19 18 14 10 8 8 7 2 1 0
16 14 14 13 13 9 7 5 4 3
18 18 14 12 12 12 9 7 5 0
17 16 16 15 13 12 11 8 5 4
19 16 15 12 11 9 8 7 6 4
18 15 14 13 11 10 9 8 2 2
18 15 12 11 6 5 5 4 1 0
19 11 10 10 9 8 5 5 4 4
17 17 14 13 13 9 8 8 5 2
19 16 14 14 13 12 10 4 2 0
17 17 15 13 13 9 7 5 2 1
19 12 11 10 9 8 2 1 0 0
16 15 15 13 12 12 11 8 0 0
19 17 17 13 12 8 4 4 0 0
18 17 15 12 11 11 8 8 6 3
17 15 15 13 7 4 3 1 0 0
17 15 13 13 12 9 6 3 2 0
19 17 13 12 6 5 2 2 2 0
17 12 12 11 10 6 4 3 1 1
19 17 16 13 11 9 7 4 2 2
17 17 16 14 13 13 13 11 5 1
19 18 16 12 11 9 7 4 3 2
18 18 17 16 15 13 12 12 10 3
19 16 14 11 6 5 4 4 3 3
19 12 9 8 4 4 2 2 0 0
19 16 14 13 11 7 6 6 2 2
15 14 12 12 7 6 5 5 4 2
19 17 15 11 8 6 5 5 3 2
15 14 14 11 8 7 3 1 0 0
19 15 13 10 9 3 3 3 2 2
19 17 16 11 10 10 9 6 0 0
19 17 16 15 14 14 10 7 6 1
18 17 16 12 5 4 3 1 1 1
19 19 18 18 18 13 9 9 2 2
19 18 18 14 14 14 12 12 8 3
14 12 11 8 7 7 7 4 1 0
19 18 17 14 10 6 4 3 3 2
15 13 12 11 11 7 6 3 2 1
18 15 14 9 9 7 6 4 3 1
18 17 14 13 13 8 7 6 5 4
11 11 8 8 7 7 6 4 3 0
17 15 13 12 12 11 8 8 7 0
19 17 15 14 13 9 4 2 0 0
18 17 16 16 15 10 10 9 8 3
19 16 10 7 6 5 4 4 4 2
18 17 16 12 8 7 7 7 5 3
18 17 14 14 10 7 4 2 1 0
18 18 15 13 13 12 8 8 8 0
19 17 16 13 11 10 5 1 1 0
17 16 15 14 14 12 12 11 5 2
16 14 11 9 7 7 7 6 3 2
19 19 16 15 12 11 10 9 0 0
17 17 17 13 10 7 6 5 4 4
19 16 15 13 11 7 7 6 6 2
19 16 16 15 13 11 9 5 2 0
19 18 17 15 15 13 11 9 6 3
19 15 15 15 14 14 6 3 2 1
18 17 14 13 13 12 11 6 2 1
19 18 17 16 12 10 7 6 3 0
18 17 16 15 12 11 7 5 3 0
18 15 14 14 13 6 5 4 3 2
18 17 16 10 9 9 9 7 1 0
19 14 13 11 11 9 7 5 5 2
14 11 11 9 7 7 6 6 3 1
16 14 11 8 7 7 5 1 1 0
19 12 11 9 9 8 7 3 3 0
17 17 16 14 13 8 5 3 0 0
19 19 18 17 13 12 12 9 4 1
19 19 17 13 11 9 7 5 4 3
19 15 14 13 13 13 10 8 6 4
19 19 15 11 10 4 3 3 3 1
17 16 9 9 9 9 7 4 3 1
19 14 13 13 8 8 5 2 1 1
19 19 17 12 10 10 4 3 2 0
18 16 14 13 13 12 11 11 4 3
19 16 15 14 14 11 9 7 7 2
19 17 12 12 8 6 5 4 3 2
19 15 13 10 7 6 3 3 1 0
19 17 13 11 11 11 7 7 5 4
19 15 14 12 5 4 3 3 2 0
19 19 17 10 8 8 8 3 2 1
19 16 12 10 7 7 5 4 2 1
17 16 14 11 11 11 9 7 4 4
18 16 11 10 9 8 6 5 1 0
19 17 17 15 15 11 9 6 4 3
15 14 14 12 7 5 5 4 2 0
16 16 16 16 15 13 12 8 3 0
16 14 12 11 10 8 7 6 4 3
11 9 8 6 5 4 4 2 2 2
19 18 15 14 13 7 6 4 1 0
19 18 17 16 16 14 5 4 1 1
19 18 14 10 9 9 7 6 2 1
19 18 13 9 3 3 2 0 0 0
15 13 10 9 8 7 7 6 6 5
17 15 14 10 9 9 4 4 2 0
18 18 14 14 10 9 8 3 1 0
17 17 17 14 12 10 10 7 2 0
19 16 13 11 9 8 7 5 2 0
19 17 16 16 14 12 10 8 5 5
17 16 15 14 10 10 9 8 7 3
16 16 16 6 5 5 5 4 4 0
18 16 7 7 6 6 5 4 1 0
17 14 13 12 10 10 9 6 4 0
15 14 14 13 11 8 8 7 3 0
18 17 17 16 14 12 9 8 6 2
19 17 15 13 13 7 7 4 4 3
19 12 10 9 5 3 1 1 0 0
19 18 16 14 12 7 2 2 1 0
15 13 12 9 7 5 3 2 1 0
19 17 16 14 13 9 7 4 4 3
19 18 12 11 10 5 5 4 4 1
19 19 17 15 13 13 12 10 9 4
18 17 15 15 15 9 6 5 3 3
17 17 16 16 15 15 14 11 11 4
19 17 15 15 14 13 11 4 2 0
19 15 12 11 11 11 10 10 5 3
19 18 18 15 14 10 8 7 7 6
18 17 14 14 13 13 8 7 7 3
19 15 14 13 10 7 6 0 0 0
18 17 15 14 10 10 10 7 5 3
18 15 13 11 10 10 7 3 2 0
19 17 15 14 10 10 7 6 3 2
15 14 13 12 9 9 8 8 2 1
19 17 16 10 8 8 8 5 4 3
17 17 17 13 10 7 7 5 5 3
18 17 15 15 14 11 11 8 5 3
15 13 12 11 10 10 10 6 3 0
19 18 15 13 12 10 7 6 2 2
18 16 16 14 13 10 8 7 7 3
19 17 14 11 10 8 8 6 3 0
17 16 14 11 11 10 8 5 4 3
18 12 9 9 7 7 3 2 1 1
17 15 13 12 7 5 4 4 3 1
18 17 16 12 12 10 7 3 3 0
16 16 13 11 10 7 5 5 4 1
19 17 16 15 12 12 11 8 6 6
18 17 17 16 15 14 12 10 9 1
18 14 13 13 12 10 7 7 7 5
19 19 15 13 13 10 7 7 3 3
17 16 14 14 12 8 8 7 6 1
19 11 9 9 8 8 8 5 4 0
19 17 17 14 13 13 13 11 5 3
18 17 15 12 11 10 10 10 5 5
15 13 12 11 8 6 5 4 2 0
17 16 12 11 3 3 2 0 0 0
19 19 17 13 10 9 4 4 1 0
16 15 14 13 12 7 5 4 1 0
19 19 14 11 10 8 7 6 3 3
19 19 15 14 12 9 9 8 5 1
15 14 11 11 10 9 9 8 7 2
16 14 13 12 12 12 10 8 7 3
18 16 15 10 9 6 2 1 1 0
19 16 16 14 12 9 7 4 1 1
18 17 17 16 14 12 6 6 2 0
16 16 15 13 12 10 4 1 1 0
18 14 13 13 12 11 5 3 2 1
19 17 13 12 10 10 7 5 3 1
19 19 18 14 12 12 10 8 4 0
16 16 14 14 10 10 9 9 5 5
17 16 15 15 13 10 8 7 5 2
18 15 10 7 7 6 5 4 4 2
19 18 13 11 8 5 2 2 1 1
19 19 16 14 13 12 9 9 5 5
18 14 13 6 6 6 5 2 1 1
16 16 12 9 9 4 3 1 1 0
19 19 18 16 13 8 7 6 6 0
19 19 18 16 10 7 5 3 3 1
14 14 12 10 8 3 3 2 1 0
19 17 14 12 11 8 6 4 1 0
19 16 15 12 10 10 7 6 6 1
19 16 14 13 11 9 8 7 6 5
17 17 15 12 8 6 4 3 2 0
15 15 12 11 10 10 9 8 6 5
16 15 14 14 10 10 7 1 0 0
19 16 9 5 5 3 2 1 1 0
19 19 19 17 8 6 5 5 3 0
19 17 16 15 13 13 9 9 8 1
18 16 14 10 6 6 2 2 0 0
19 17 14 13 12 7 7 6 3 0
19 18 18 16 16 12 5 3 2 0
19 17 14 13 10 10 8 5 4 1
18 17 15 14 8 4 2 1 0 0
17 14 13 12 11 9 6 6 2 1
19 18 17 13 12 10 7 6 5 3
19 18 17 15 12 5 5 5 2 0
18 14 14 8 8 7 6 4 3 1
19 18 16 16 10 6 6 6 3 0
19 19 19 18 9 7 7 5 2 1
19 18 14 13 11 11 3 2 1 0
19 19 18 13 12 8 7 5 2 1
19 19 17 15 11 11 10 3 2 1
15 11 9 8 5 4 4 4 1 0
17 17 16 13 9 8 3 1 1 0
19 18 16 15 12 10 10 9 6 2
11 11 9 8 6 2 1 1 0 0
17 15 13 12 12 11 7 3 2 1
19 17 15 15 14 9 8 5 4 3
18 16 14 14 12 10 9 8 6 6
19 19 19 17 15 13 13 12 2 0
15 14 11 10 4 2 1 0 0 0
13 9 7 7 5 5 5 2 0 0
19 18 18 11 9 8 6 4 4 3
19 19 19 18 7 5 5 4 1 0
19 19 17 15 14 6 5 1 0 0
19 19 18 13 13 13 11 10 3 3
18 15 14 8 7 6 5 5 5 1
19 19 13 9 9 7 6 5 4 0
15 14 12 10 9 6 3 3 2 0
16 15 14 10 9 8 8 5 3 1
17 14 14 13 11 11 6 6 5 1
19 19 18 17 16 14 10 9 5 1
19 18 17 17 16 13 6 5 3 1
19 17 17 16 15 14 13 6 4 0
19 19 18 18 18 14 12 12 9 7
19 14 13 10 9 8 7 5 1 0
17 16 16 16 13 9 8 7 4 3
14 13 13 12 11 10 9 9 5 4
19 15 14 13 10 8 7 4 1 0
19 18 16 14 10 7 5 5 1 0
19 19 18 18 16 16 13 12 8 3
14 13 13 13 12 11 9 6 5 4
12 12 10 9 6 5 5 3 1 0
19 17 14 8 7 6 5 2 2 1
17 13 9 9 9 8 7 6 6 1
19 16 12 12 11 10 5 5 2 0
18 17 16 14 10 7 7 6 1 0
17 15 15 10 7 6 5 2 2 2
16 15 13 13 10 10 7 6 3 1
18 16 15 14 9 8 8 1 0 0
19 12 8 8 8 8 6 4 4 1
19 18 16 16 14 12 9 6 3 3
16 15 15 14 12 12 8 7 4 1
19 18 15 7 5 4 3 3 1 0
17 16 14 11 7 6 6 5 3 3
17 17 13 12 6 6 4 4 3 2
19 18 16 13 12 12 10 8 4 0
18 15 9 7 6 6 5 4 2 2
15 12 11 8 8 8 7 6 2 0
16 13 10 10 9 9 7 5 4 0
17 14 13 13 10 5 5 5 2 1
17 15 15 15 14 13 12 6 3 2
18 14 10 10 8 7 6 5 5 1
17 16 15 11 10 8 5 5 4 0
19 18 13 13 11 8 5 4 2 0
19 19 19 18 14 10 2 1 1 0
14 13 11 11 11 9 7 7 4 2
13 12 9 6 6 6 5 4 2 0
19 16 15 12 9 8 5 2 1 0
19 19 18 16 12 11 10 7 5 0
19 16 16 16 12 11 11 8 1 0
15 14 11 9 8 7 4 2 1 0
19 17 15 15 13 13 12 12 9 5
17 15 15 11 8 6 4 3 1 0
15 13 12 7 6 5 5 4 2 0
16 14 12 11 8 4 2 1 1 0
18 14 12 11 7 6 5 1 1 0
18 13 12 12 11 11 11 8 4 1
17 17 17 14 10 7 7 3 2 1
17 16 13 10 10 9 8 6 5 5
18 17 12 5 5 4 3 1 0 0
17 13 13 11 9 5 4 3 2 2
19 15 14 13 7 5 3 2 2 0
19 18 17 14 10 7 3 3 3 2
19 15 13 10 10 8 6 4 4 3
19 19 19 15 13 13 11 11 10 1
17 16 14 14 13 9 6 6 3 0
16 12 10 9 8 6 5 4 2 0
17 17 17 12 10 8 5 2 1 1
18 15 15 14 9 8 2 1 1 0
11 11 9 9 7 5 5 4 2 2
17 13 11 10 10 7 6 3 2 0
18 18 18 17 16 5 4 1 0 0
19 17 16 15 11 6 6 6 5 2
18 17 16 9 8 7 4 4 2 1
19 18 16 16 13 11 6 5 5 4
19 11 11 10 10 8 4 3 3 2
19 9 8 7 7 7 4 4 2 1
19 17 15 13 11 10 6 3 2 0
19 19 19 18 15 11 9 2 2 2
17 16 14 8 7 7 6 5 3 3
18 17 14 12 10 9 7 6 4 4
19 17 17 10 10 9 8 7 5 0
17 15 13 12 10 9 5 5 3 1
19 19 19 18 17 15 7 5 3 3
18 18 16 12 11 8 4 2 0 0
16 13 13 6 4 3 2 2 2 0
19 19 13 11 11 9 6 3 3 2
12 11 11 10 10 8 3 2 1 1
18 18 16 16 14 6 6 2 1 0
19 18 15 11 9 8 4 4 4 3
14 12 11 11 6 4 3 3 3 2
19 19 16 15 13 13 12 12 7 1
19 19 18 18 15 10 9 7 6 4
19 17 8 4 3 1 0 0 0 0
17 15 14 13 12 10 7 4 3 1
19 19 18 18 11 11 10 10 8 7
18 18 16 13 10 8 5 2 1 0
18 17 17 13 13 12 10 9 8 6
18 16 15 12 10 8 8 8 4 1
19 17 15 13 12 8 7 6 5 4
18 17 16 15 14 13 11 7 4 4
16 16 14 12 11 8 7 5 1 0
18 11 10 10 9 8 7 4 4 3
19 17 17 17 10 8 5 2 1 0
16 14 12 11 8 7 6 4 2 1
19 16 15 14 10 9 5 3 1 1
19 17 17 13 13 10 9 8 6 2
14 10 9 8 8 6 5 5 3 3
19 15 14 11 11 10 10 5 4 0
17 16 16 11 11 8 7 4 4 0
18 17 16 15 13 10 8 8 6 4
12 12 12 11 9 8 6 6 1 0
18 17 16 12 11 10 9 5 4 1
19 18 16 14 10 5 4 4 2 0
18 16 16 14 9 7 4 2 1 0
17 16 14 12 11 10 9 7 7 3
18 17 16 16 10 8 6 6 4 2
18 18 12 10 5 5 4 4 2 1
18 17 17 16 12 10 8 8 5 1
15 14 13 13 13 12 11 11 1 0
19 17 16 15 14 5 4 2 1 0
18 15 14 11 11 7 6 4 3 0
17 16 15 15 15 14 13 13 2 1
19 14 13 9 8 4 3 2 1 0
18 17 16 15 15 12 11 11 5 4
18 16 11 9 7 6 5 3 1 0
19 18 16 15 13 13 11 3 2 1
19 19 18 11 11 6 5 5 4 0
16 15 15 14 13 13 13 12 10 3
18 15 14 14 12 12 12 11 10 3
19 18 16 16 14 14 7 7 4 4
18 17 15 15 11 9 9 8 8 8
14 14 14 5 5 5 4 2 0 0
19 18 16 12 7 5 4 2 1 0
17 17 15 15 15 14 12 11 11 10
16 13 13 12 11 10 8 7 7 3
19 17 17 16 6 4 4 2 1 0
19 17 13 12 7 4 3 3 1 0
18 16 15 15 15 9 9 7 1 1
14 11 9 7 7 6 5 4 1 0
15 14 14 13 12 10 7 5 5 0
19 14 14 13 13 12 12 9 1 1
18 18 17 15 13 12 10 5 4 0
18 17 14 12 12 9 6 6 4 0
19 12 12 11 7 7 7 5 4 1
19 16 15 11 10 6 4 3 3 0
17 10 10 9 8 8 6 4 2 0
17 14 13 13 12 9 6 5 4 3
17 14 14 14 11 9 7 6 5 2
18 14 8 7 6 6 4 3 1 0
19 14 14 10 7 7 7 6 5 2
16 14 14 13 12 8 6 5 2 0
19 19 16 15 14 12 9 7 7 1
16 15 15 13 13 10 10 9 7 2
19 17 14 13 8 6 4 4 3 0
19 16 16 14 13 13 10 7 6 1
19 16 16 16 14 14 12 11 6 2
17 14 14 10 9 7 6 5 4 2
16 16 11 10 8 6 5 3 1 0
19 17 13 13 10 8 7 7 5 2
18 17 17 13 13 12 11 11 11 9
19 18 14 8 7 6 6 6 2 2
19 16 13 12 12 11 8 5 5 3
17 15 14 12 12 5 5 3 3 1
18 12 12 11 9 9 6 5 4 4
19 14 14 14 12 9 7 6 5 4
18 16 14 12 10 8 7 6 5 4
16 14 14 13 4 4 3 2 2 2
18 18 12 11 10 8 7 6 4 3
14 14 10 9 7 6 4 2 1 0
19 16 16 12 11 10 8 6 5 5
17 14 10 9 9 9 6 5 4 2
15 15 13 10 8 8 7 6 2 1
18 18 13 11 9 9 8 6 6 0
19 16 15 13 10 10 7 4 2 0
19 18 16 13 12 11 7 6 4 0
19 16 15 13 9 8 6 5 3 2
19 13 11 10 10 9 7 5 2 1
14 13 13 10 10 6 5 3 1 0
19 18 13 11 10 10 9 6 5 1
19 15 13 10 5 4 4 2 2 2
13 13 12 11 11 5 4 3 0 0
11 11 10 9 9 8 7 2 1 0
16 14 12 12 8 7 6 5 4 3
19 16 16 10 9 8 8 2 1 0
18 17 17 15 11 10 9 6 4 2
19 16 14 11 11 9 8 7 3 2
16 14 13 12 11 10 4 3 1 0
17 10 8 8 6 6 4 3 3 1
19 18 17 15 13 11 10 9 5 3
15 10 10 6 5 2 2 1 1 0
15 15 14 12 11 10 5 3 2 2
18 16 14 11 10 10 10 9 8 2
19 18 18 17 13 13 11 10 8 5
19 15 15 14 14 11 10 5 2 0
19 14 11 10 9 5 5 4 3 1
18 17 16 15 14 14 13 11 8 6
19 12 11 11 10 10 9 4 3 0
16 15 15 11 11 10 5 3 1 1
17 13 13 10 8 5 4 2 0 0
18 15 11 11 8 6 6 4 2 2
16 15 13 9 8 8 5 5 4 3
19 16 12 11 10 10 10 8 6 0
18 14 14 13 11 11 8 8 4 0
19 15 11 10 10 6 5 5 4 0
19 19 18 14 13 12 10 6 5 2
19 19 14 10 10 9 7 5 4 1
16 14 14 14 10 9 9 9 7 5
18 18 16 15 14 10 8 7 4 1
19 18 16 11 7 4 1 1 1 0
16 16 14 11 7 6 4 2 1 1
17 17 12 12 11 11 11 6 2 1
19 19 15 7 7 6 5 3 2 0
17 17 17 12 12 10 10 8 7 3
19 19 14 12 12 12 4 1 1 0
19 17 17 15 15 9 9 9 9 6
19 18 18 17 15 12 11 9 7 4
15 14 14 10 8 7 6 2 1 0
19 17 15 12 11 9 8 5 1 0
18 18 15 15 13 12 10 9 5 0
18 5 4 4 4 4 3 2 0 0
19 19 19 18 17 13 13 7 7 5
18 11 10 8 6 4 3 3 1 1
19 17 16 14 14 10 9 7 7 4
19 16 13 10 9 7 5 5 5 2
17 16 13 13 6 5 4 2 0 0
19 17 9 7 6 4 4 3 1 0
18 18 14 13 7 6 6 4 3 1
16 14 11 10 10 10 8 7 3 3
17 14 14 14 12 5 5 3 2 2
10 9 9 8 2 2 0 0 0 0
19 19 19 17 17 12 3 0 0 0
16 10 6 5 3 3 2 2 0 0
18 17 15 14 11 11 9 5 5 3
19 19 16 15 14 5 5 5 2 0
19 17 17 13 12 7 3 3 1 0
19 19 10 7 6 5 4 3 1 1
15 13 12 11 9 9 3 1 1 0
19 18 15 12 11 11 7 7 2 0
19 17 15 12 10 10 9 9 8 4
17 11 10 10 8 8 5 3 2 0
19 16 15 12 9 7 5 1 1 1
19 17 17 15 15 15 13 10 3 1
18 16 15 8 7 6 5 2 2 0
19 8 8 8 7 7 5 2 2 1
19 17 16 14 11 9 8 6 6 4
15 14 12 11 11 11 10 9 5 5
18 14 13 10 9 6 2 2 2 0
19 19 18 16 14 7 6 4 3 0
19 16 15 15 15 10 8 4 2 1
18 18 17 8 4 4 4 3 3 0
17 12 10 10 8 6 3 3 2 1
17 14 8 8 7 5 3 1 1 0
19 19 18 16 10 7 6 6 5 2
19 16 15 14 8 8 7 7 3 1
18 17 17 15 8 2 1 1 0 0
19 17 14 11 9 8 7 6 4 1
19 19 19 19 18 16 14 8 4 1
14 14 13 13 5 5 5 4 2 2
19 18 17 8 6 4 3 2 0 0
16 16 15 14 12 12 8 8 8 7
18 18 13 11 8 4 2 2 1 0
19 17 17 16 16 14 13 5 2 2
19 18 13 13 11 8 8 6 5 0
19 17 14 11 10 6 5 5 5 2
15 15 11 10 6 3 2 2 0 0
19 18 15 13 8 8 5 4 2 0
17 15 14 11 11 8 5 5 0 0
19 19 17 12 11 10 9 8 4 2
14 12 11 10 9 8 8 8 3 2
19 18 17 16 11 11 10 8 8 7
19 17 15 12 10 8 7 2 2 2
19 17 16 9 9 7 7 6 3 1
17 16 15 14 14 12 10 6 0 0
16 16 15 15 12 9 9 5 3 0
17 13 12 10 10 9 6 6 5 1
19 19 13 11 5 3 3 3 0 0
19 14 14 13 13 12 11 10 6 0
19 19 19 19 17 16 11 11 9 6
18 16 14 14 10 10 9 9 3 2
17 16 14 13 10 8 7 7 5 2
19 19 18 16 7 5 4 4 1 1
15 15 13 9 8 7 4 4 2 2
18 18 17 16 15 15 8 7 3 1
16 13 13 9 8 8 3 2 1 0
19 19 17 10 10 8 6 5 3 0
17 12 11 10 10 9 8 7 4 2
18 17 16 15 13 8 7 6 5 2
14 13 12 12 11 8 7 4 2 0
17 17 15 14 9 9 7 3 3 1
19 19 13 11 9 8 6 5 3 1
19 18 17 14 12 11 7 6 5 1
18 18 17 15 13 11 8 4 1 0
19 18 15 13 11 11 9 9 7 1
19 19 14 14 14 13 10 8 8 0
19 18 17 16 15 11 10 7 6 2
15 15 14 11 7 7 6 5 3 1
17 17 17 14 12 9 9 7 3 0
13 12 10 9 7 7 5 4 4 0
17 17 16 16 15 13 12 11 6 0
19 18 17 15 8 7 6 5 5 4
18 17 14 11 8 7 2 1 0 0
15 13 13 9 4 3 3 2 0 0
16 13 11 10 8 6 4 4 1 1
18 14 10 7 5 5 4 1 0 0
19 18 17 11 10 10 8 3 2 2
19 18 18 18 16 11 6 5 4 0
17 16 16 11 10 9 3 3 3 2
13 12 12 10 8 7 7 5 2 2
19 17 13 13 12 11 8 6 5 3
15 15 12 10 10 9 9 7 6 2
19 15 11 10 7 7 5 5 1 1
13 10 10 9 8 8 7 6 4 4
19 18 16 14 14 10 9 8 6 5
16 14 13 11 8 4 4 4 2 0
19 17 17 17 15 14 6 4 2 1
15 14 13 8 7 3 3 2 2 1
19 16 16 15 14 13 9 8 3 0
15 12 12 8 7 7 6 5 4 1
19 19 18 18 16 11 8 7 6 1
16 16 14 14 9 8 8 5 4 3
18 17 17 16 16 14 11 9 7 3
18 18 17 16 15 11 9 7 4 2
16 11 10 10 10 6 6 5 2 0
19 18 14 14 7 7 4 3 2 1
15 14 4 3 3 2 1 1 1 1
15 15 11 11 10 9 6 5 5 3
18 17 14 12 12 11 7 4 3 0
17 15 9 8 8 7 7 6 5 1
19 19 18 16 10 9 5 4 2 0
18 16 13 12 10 9 8 5 2 1
19 15 14 13 12 10 8 4 4 2
19 17 13 13 11 9 7 4 2 1
19 14 13 13 11 10 7 5 3 1
19 18 15 12 11 10 10 6 4 2
19 18 17 16 14 11 6 6 3 2
19 19 19 13 12 11 10 8 6 4
14 14 11 8 5 2 0 0 0 0
15 14 12 9 7 6 3 3 2 2
14 13 12 11 11 9 6 4 4 2
15 13 13 12 12 11 8 4 1 0
15 15 13 9 7 6 5 4 3 1
18 17 17 15 12 10 9 5 3 3
19 18 16 16 16 11 8 7 6 4
19 17 14 14 9 5 5 4 3 1
19 17 14 13 12 12 11 8 7 5
13 12 11 11 10 10 7 6 5 3
18 18 17 15 13 11 8 3 1 0
19 18 18 9 5 5 3 2 0 0
19 18 16 10 6 5 4 4 0 0
18 18 18 16 13 11 10 8 8 0
19 18 18 15 14 12 8 7 3 1
18 18 15 14 12 8 5 4 2 0
18 15 15 13 11 11 8 8 6 5
18 17 16 15 14 13 10 7 6 3
14 14 10 10 8 5 5 4 2 2
19 18 17 17 15 15 14 13 6 1
17 16 16 15 14 14 9 8 7 5
19 19 18 14 13 11 9 8 2 1
19 18 16 15 13 10 7 2 2 0
18 12 12 11 11 8 6 5 1 0
19 18 17 13 12 5 4 3 2 0
19 16 13 12 10 10 9 5 1 0
18 16 16 14 14 12 7 2 1 1
18 12 10 10 7 4 3 1 1 0
16 16 15 14 14 10 4 3 2 0
16 15 14 14 13 13 9 3 1 1
17 16 15 15 10 7 6 4 1 0
18 18 14 11 11 11 10 9 5 3
19 17 13 13 13 12 7 7 6 0
19 15 14 12 11 11 9 2 2 1
18 16 15 13 11 10 5 2 2 0
17 17 14 11 10 8 7 7 4 0
19 18 17 16 13 10 10 5 4 3
18 13 12 11 9 7 4 1 1 0
19 18 16 13 8 7 6 5 4 3
18 17 15 12 7 4 3 2 1 0
18 15 12 12 10 8 6 4 2 0
19 18 18 18 15 15 9 9 2 0
17 16 16 12 8 6 4 2 1 0
17 16 9 9 5 4 4 2 1 0
19 19 17 16 14 13 12 11 10 0
16 14 12 7 7 7 3 2 1 0
19 17 16 15 12 10 9 6 5 2
18 15 14 13 12 6 6 6 4 1
19 18 18 15 14 12 9 8 1 0
19 18 12 11 10 10 7 2 2 1
19 18 16 16 14 13 13 9 6 3
19 16 12 10 9 9 6 6 5 1
18 12 8 6 4 3 2 1 0 0
17 17 17 15 9 5 3 3 2 0
18 11 11 8 7 4 3 1 0 0
17 13 12 12 10 10 9 6 0 0
17 17 14 14 13 12 10 8 2 1
19 13 10 8 7 7 7 7 6 3
19 19 18 14 12 11 10 9 3 2
19 18 14 13 9 8 7 4 3 1
17 16 16 16 14 11 6 5 1 0
16 15 11 10 8 8 3 2 0 0
17 17 14 13 10 9 7 7 6 4
19 18 18 17 15 14 13 10 9 4
16 15 14 11 7 7 5 5 5 1
19 14 14 12 9 6 4 3 1 0
17 16 15 13 11 10 9 8 8 0
17 13 12 11 8 5 5 4 1 0
15 13 8 4 4 4 2 1 1 0
19 18 18 15 12 11 10 3 2 1
19 19 18 16 15 13 12 6 5 2
19 19 17 7 6 3 2 2 2 0
19 17 14 14 12 11 8 6 2 1
19 17 15 15 14 9 8 8 1 1
17 15 10 9 7 6 6 3 0 0
17 16 12 12 11 5 3 1 1 0
17 17 12 10 8 7 6 5 2 1
18 16 15 13 12 5 5 3 1 0
18 15 13 12 11 10 7 6 5 1
19 17 16 14 14 13 12 11 5 3
17 15 14 12 11 11 9 8 1 0
15 14 12 9 9 9 7 6 2 2
18 18 15 14 12 9 8 7 3 0
19 16 9 9 8 8 5 1 1 1
18 12 7 7 7 5 5 3 0 0
15 14 12 11 8 8 7 6 0 0
19 19 18 16 14 11 9 6 4 2
18 13 12 11 11 4 3 2 2 0
18 17 16 14 14 13 6 5 1 0
18 18 11 10 9 9 7 3 1 0
18 15 14 13 11 11 10 6 4 1
19 18 16 12 11 11 10 9 8 7
19 19 16 16 15 14 8 8 4 4
16 9 9 9 8 7 7 6 2 0
19 16 15 14 14 13 7 6 3 3
12 11 9 9 9 8 2 1 0 0
15 15 11 10 9 6 4 4 3 1
19 16 13 13 12 10 6 5 1 0
16 13 13 12 10 10 10 2 1 1
16 14 14 13 10 10 5 3 2 0
16 15 14 10 8 7 7 3 2 1
19 13 10 9 8 4 4 3 2 1
16 15 14 12 12 11 5 5 2 0
18 15 15 13 12 10 3 3 0 0
18 18 11 11 8 7 6 2 0 0
19 18 15 14 12 7 6 6 5 2
15 15 15 14 13 6 5 3 2 1
19 18 18 17 11 10 7 2 1 1
19 17 17 15 15 15 15 14 6 3
16 15 12 10 8 5 4 3 2 0
19 19 18 14 12 10 9 8 5 3
17 17 16 15 11 11 9 8 2 1
18 16 14 14 14 13 10 10 9 7
18 17 16 13 11 6 5 4 1 0
19 17 16 15 15 14 12 11 11 6
19 16 15 15 13 10 6 4 3 2
18 18 18 18 15 14 10 8 7 7
17 17 14 14 14 11 10 8 4 2
14 13 12 12 11 10 9 7 2 0
19 19 16 15 13 13 9 5 5 3
19 19 18 15 14 13 12 6 5 0
19 18 12 11 9 4 4 3 2 0
18 18 14 13 10 9 5 3 1 1
17 17 16 5 4 3 3 2 2 0
15 11 11 9 8 7 5 5 2 1
12 10 9 9 7 6 6 3 1 1
18 17 16 15 14 11 8 5 3 3
16 15 7 5 4 4 3 2 2 1
18 15 14 9 7 5 2 2 2 0
19 19 19 15 13 12 11 7 5 0
15 13 12 12 12 11 9 6 3 1
19 18 14 11 11 10 9 6 5 1
16 16 14 12 12 8 6 6 6 2
18 18 15 13 11 8 8 7 5 1
18 17 16 14 10 9 6 6 5 5
19 16 16 15 13 11 9 7 7 1
18 16 15 13 10 9 9 4 4 4
19 18 13 12 8 5 3 3 2 0
19 19 17 16 12 11 9 8 5 4
14 13 5 5 3 2 2 1 0 0
19 18 15 14 14 10 9 9 2 1
19 17 13 11 10 9 5 4 1 1
17 15 14 13 12 10 9 8 6 3
19 19 18 17 15 11 9 9 3 0
18 17 16 9 5 2 1 0 0 0
19 18 18 17 16 12 12 9 5 0
18 17 16 13 12 12 9 6 5 4
17 17 17 16 13 12 7 6 5 2
18 13 13 12 10 8 6 3 2 1
19 18 17 16 15 14 14 9 7 1
19 17 17 16 15 12 12 10 5 4
19 19 15 14 14 12 9 6 0 0
14 12 11 9 7 7 6 4 4 0
19 15 14 12 12 10 7 6 1 0
18 16 15 15 10 7 7 4 0 0
18 16 15 15 15 14 11 9 6 0
19 19 17 16 16 8 8 6 6 2
19 19 19 19 18 17 14 12 11 4
18 15 12 11 11 10 10 2 1 1
15 13 10 9 7 6 6 5 2 0
19 15 15 14 12 11 10 3 3 2
19 13 12 10 8 7 3 3 0 0
19 18 16 15 11 5 5 4 1 0
16 16 15 12 9 7 6 6 5 0
17 17 16 15 15 14 8 8 7 4
12 11 10 10 9 9 8 7 3 3
14 14 13 9 6 5 3 2 1 0
13 13 12 11 11 10 8 7 3 3
19 15 14 12 8 6 5 3 3 1
18 17 15 15 14 9 7 5 4 2
18 16 13 12 11 10 6 4 3 2
19 16 14 11 8 6 5 5 4 0
15 15 14 13 12 11 7 4 0 0
18 17 11 9 9 8 7 6 5 3
19 19 13 13 10 10 8 5 5 0
19 18 16 10 9 8 5 3 3 0
15 12 9 9 9 8 5 5 4 1
16 15 9 8 7 5 4 3 3 0
19 17 15 15 12 7 3 3 2 0
17 17 12 10 6 5 4 3 1 0
16 15 10 8 8 8 7 2 1 0
19 19 18 18 18 12 7 5 5 0
19 17 12 10 8 7 5 4 3 3
19 15 11 10 9 8 5 5 3 1
15 15 14 14 13 11 8 8 6 5
15 12 11 10 9 7 4 2 1 0
17 13 9 7 7 7 7 5 2 2
18 13 13 7 6 5 3 1 0 0
16 13 10 9 5 5 5 1 1 0
18 17 14 12 9 6 4 2 1 0
19 15 15 15 12 11 10 6 1 0
18 17 16 13 8 5 5 4 2 1
19 19 14 10 9 9 8 7 3 0
18 15 14 13 11 11 11 10 8 5
15 14 12 11 10 10 10 8 6 1
18 17 15 15 14 13 7 4 3 1
15 14 12 8 7 6 3 2 2 1
16 16 14 13 13 13 7 7 5 3
17 13 13 11 11 10 9 7 3 3
19 19 16 14 11 9 9 6 5 3
18 17 17 16 14 13 7 6 6 4
19 19 17 17 16 10 10 8 5 0
15 12 12 10 9 5 5 4 2 1
18 14 14 8 6 6 4 3 3 1
17 13 13 12 12 11 8 3 0 0
19 19 18 17 13 7 4 1 1 0
15 14 14 8 7 7 3 3 2 0
19 19 17 12 11 10 9 3 2 1
16 15 14 14 12 12 11 9 9 8
17 16 9 8 6 5 4 3 1 1
18 15 15 14 12 8 5 3 1 1
19 18 14 10 10 10 7 6 5 4
19 16 15 14 14 13 11 8 1 1
19 19 17 16 13 13 5 3 2 1
18 17 16 16 14 14 13 4 2 1
18 17 16 11 10 10 7 6 5 0
18 18 14 10 8 7 5 3 2 1
19 17 17 12 8 7 6 4 3 0
18 18 18 14 12 11 10 9 9 2
19 14 14 12 12 6 5 4 2 1
18 17 16 14 11 11 9 4 3 0
17 14 13 11 10 5 5 2 2 1
19 19 18 17 16 16 10 8 7 5
19 19 18 15 9 5 4 1 0 0
17 17 11 10 9 7 7 2 0 0
19 17 17 16 13 11 8 6 2 0
19 15 13 12 12 12 5 3 3 3
17 17 15 12 9 8 7 6 5 1
17 15 12 10 5 4 1 0 0 0
19 18 12 10 9 9 8 4 4 4
19 18 15 15 15 10 6 4 1 0
15 13 8 7 6 5 5 5 4 1
19 17 11 10 7 6 5 4 1 0
19 17 17 16 15 15 14 6 1 1
19 19 17 16 15 15 7 7 7 3
18 18 14 11 11 7 6 2 1 0
18 16 12 12 6 6 5 4 2 1
18 18 14 12 6 6 5 4 3 2
19 19 14 13 11 10 7 1 1 0
17 16 13 5 4 4 3 3 3 1
18 16 14 14 13 12 11 6 4 4
18 18 17 15 13 12 7 3 2 0
18 15 14 14 14 13 11 6 2 1
19 18 14 8 8 7 5 5 5 4
19 18 18 12 9 9 4 3 2 2
18 16 14 11 11 10 10 7 3 2
16 16 13 12 12 11 11 9 5 4
18 18 16 13 10 8 5 4 3 1
18 16 14 13 9 9 7 7 6 3
19 17 15 15 14 13 10 9 5 5
14 13 7 5 5 3 3 2 2 0
18 18 15 13 12 11 8 5 4 3
18 12 12 12 11 9 7 6 4 2
14 12 11 10 9 8 7 4 3 2
19 18 17 16 14 12 9 9 1 1
19 17 16 16 15 14 8 5 4 2
19 17 10 9 7 4 4 2 1 0
19 18 16 13 13 5 4 4 2 1
17 11 7 7 7 6 6 4 4 3
19 17 14 13 12 10 5 1 0 0
18 18 17 16 14 13 9 8 3 1
19 18 18 16 16 12 7 6 1 0
18 17 15 13 12 12 11 10 8 7
19 15 10 9 9 8 7 3 2 2
18 17 15 12 7 6 4 3 1 1
17 15 11 11 8 5 5 4 3 0
18 15 12 12 10 9 9 9 8 6
19 19 18 18 18 11 7 6 4 3
19 18 17 17 17 16 12 11 1 0
15 15 13 10 7 7 7 5 5 4
19 18 17 17 15 14 11 8 5 1
18 16 14 14 12 11 9 8 5 4
19 19 17 14 9 8 4 2 0 0
19 14 14 10 9 7 5 5 3 2
19 13 13 12 10 8 8 7 4 3
18 15 14 11 8 8 7 5 2 2
18 18 16 15 15 13 11 8 6 5
17 17 16 15 13 13 12 10 3 2
15 10 10 6 6 6 5 3 2 0
18 17 13 11 5 3 3 1 0 0
19 17 16 12 10 9 9 8 0 0
17 11 10 9 9 8 7 7 6 1
19 17 17 16 16 16 13 9 8 1
18 17 16 15 13 13 10 5 5 3
15 14 14 12 11 11 8 3 2 1
18 18 17 17 12 9 7 6 5 4
18 18 16 16 12 8 7 4 2 0
19 17 12 12 12 7 6 4 3 0
14 12 7 6 5 3 3 1 0 0
19 16 11 11 11 10 9 9 8 2
17 17 17 10 10 9 9 7 5 0
18 16 14 14 12 11 10 7 6 3
12 10 9 8 7 5 5 5 2 2
16 16 15 12 11 10 7 5 5 3
18 17 16 15 14 11 7 4 4 4
13 12 9 7 6 4 3 2 2 1
19 19 19 18 17 9 8 5 3 2
18 18 17 14 11 11 10 7 6 5
17 17 15 15 13 12 11 11 9 3
18 11 10 10 8 7 5 5 2 2
15 15 6 4 3 2 1 0 0 0
18 16 11 11 4 4 2 1 0 0
18 16 14 11 10 5 1 0 0 0
18 17 16 15 10 9 8 6 5 5
14 8 7 6 5 5 2 2 1 0
16 16 13 12 11 11 10 7 7 1
19 16 15 14 12 7 6 4 4 4
18 15 11 10 10 8 7 4 4 0
16 15 12 10 10 9 8 6 4 3
15 14 14 7 6 5 3 2 0 0
18 18 17 16 9 5 4 2 2 2
19 18 17 17 12 8 4 3 1 0
19 18 18 16 15 14 12 8 5 1
18 17 17 13 12 5 5 3 0 0
17 17 16 8 7 7 6 5 4 0
15 14 11 11 9 5 3 2 1 1
18 17 15 15 12 10 6 4 2 2
19 19 17 15 14 5 5 3 2 1
18 15 14 10 8 2 2 1 1 1
19 18 14 10 10 8 4 3 3 0
19 18 17 17 15 11 10 9 9 1
17 15 11 11 9 8 7 5 3 0
17 15 11 11 11 10 10 10 4 2
19 17 17 11 7 5 4 4 3 1
19 19 17 14 13 13 9 4 4 2
18 17 16 9 9 9 5 5 0 0
19 10 9 9 8 7 6 4 2 2
16 15 13 13 12 12 9 7 2 1
18 17 16 15 11 9 8 8 5 1
18 17 14 12 12 11 8 4 2 0
18 18 15 13 7 6 5 5 2 1
17 15 14 13 9 7 2 1 1 1
16 15 15 15 15 14 11 7 3 3
19 19 15 15 12 12 10 8 7 6
19 17 15 13 11 9 8 4 3 0
16 15 6 5 4 3 3 3 2 0
18 16 14 13 11 8 4 4 4 0
19 18 17 15 12 12 12 10 8 1
17 15 7 5 4 4 3 1 0 0
19 18 18 16 11 8 6 4 0 0
18 15 14 11 8 8 7 6 6 0
18 16 16 15 15 10 9 6 5 2
17 12 11 7 7 7 5 4 3 2
17 17 17 14 11 10 10 10 7 5
17 16 15 7 6 6 4 2 2 1
19 19 17 17 14 8 7 1 1 0
19 17 16 12 12 10 6 5 4 3
19 19 17 15 12 7 4 4 4 0
18 18 14 11 8 6 6 2 2 0
14 14 13 13 7 7 5 5 3 0
17 16 16 16 15 15 13 7 5 0
19 18 17 16 10 10 2 1 1 0
18 14 13 13 10 9 8 7 2 1
15 14 11 11 10 9 7 4 3 2
18 17 17 15 13 13 10 5 5 3
17 15 14 12 11 8 8 6 1 1
16 14 8 7 2 2 2 1 1 0
19 18 15 8 6 5 4 4 2 0
19 18 13 13 12 11 7 7 1 1
17 17 10 10 8 7 7 2 0 0
18 17 15 12 12 11 10 7 6 2
19 17 15 12 11 10 8 7 5 0
17 14 12 12 10 9 8 7 5 0
19 19 17 16 15 13 8 3 2 1
19 15 9 8 6 3 3 2 2 0
18 13 13 11 11 6 3 1 1 0
19 18 13 10 9 6 5 3 3 2
17 10 8 5 4 4 2 2 2 0
17 16 11 11 10 10 8 7 4 2
19 17 12 12 9 6 5 4 3 3
18 17 15 6 5 4 4 3 1 0
15 5 4 4 4 3 3 3 2 2
19 18 17 14 11 7 6 3 3 1
18 17 17 15 13 11 9 8 5 4
18 16 14 13 12 7 7 7 1 0
19 18 18 17 15 9 7 7 4 0
19 18 17 16 14 13 7 5 3 0
19 17 17 13 13 8 6 4 4 2
17 16 15 14 13 12 11 4 2 0
18 17 11 11 9 5 5 4 0 0
19 15 15 14 7 6 5 4 1 1
13 11 9 9 8 7 4 3 2 0
19 18 16 9 8 7 7 6 3 2
15 13 13 10 10 6 4 3 3 0
19 19 19 17 12 12 12 8 6 1
16 16 13 13 8 7 7 6 4 3
18 17 14 8 7 6 4 4 2 0
18 16 9 8 8 6 5 4 1 0
17 14 14 13 8 7 7 3 1 1
19 19 18 16 16 13 12 9 2 2
17 12 12 12 6 5 5 4 1 1
17 16 14 13 12 12 8 8 1 0
18 17 16 13 10 10 9 7 5 1
16 16 16 14 12 8 7 6 6 2
17 17 16 15 11 8 8 8 4 4
18 17 17 13 12 9 9 6 3 0
18 18 17 13 11 7 3 2 0 0
16 15 15 13 11 11 8 3 2 1
19 19 17 15 13 9 6 5 2 0
18 16 14 13 11 10 10 5 4 2
19 19 18 17 15 14 13 6 1 0
15 12 10 9 9 8 6 4 1 0
19 18 17 16 12 7 7 7 1 0
19 14 13 12 8 6 4 2 0 0
18 16 16 16 10 9 8 5 4 2
19 18 18 18 16 10 10 10 6 1
18 17 15 15 11 9 9 1 0 0
18 17 17 16 15 14 10 10 9 4
18 18 17 16 14 5 4 3 2 1
19 19 16 14 14 13 12 12 6 2
15 15 13 12 11 9 8 7 5 4
19 16 15 13 11 7 6 6 6 6
18 15 12 12 10 10 7 7 3 2
19 18 17 13 13 13 10 8 2 0
19 17 8 6 4 3 2 1 1 0
18 17 17 17 16 15 11 10 6 0
18 17 15 13 13 11 9 4 0 0
19 18 18 16 14 10 8 5 5 3
19 16 14 13 13 11 10 3 2 1
16 15 13 10 8 5 4 4 1 0
19 17 17 16 14 11 9 8 8 5
18 18 17 14 13 11 9 7 5 3
19 18 15 15 6 6 4 2 1 0
19 19 17 16 11 10 9 8 4 4
16 15 13 11 10 8 7 4 4 0
19 17 15 15 14 14 11 6 2 2
19 13 11 7 6 5 3 1 0 0
14 14 9 8 6 5 4 1 1 0
18 17 15 14 14 14 13 12 11 8
16 14 14 10 7 7 7 6 3 1
16 12 10 8 7 6 3 3 2 1
18 17 13 13 10 6 5 5 4 3
19 17 17 17 14 14 4 2 1 0
17 15 14 10 10 7 6 4 4 0
19 15 14 14 13 12 9 8 5 1
18 18 17 15 15 13 11 9 8 3
19 18 17 11 9 9 7 5 4 3
19 18 14 14 12 12 11 8 7 2
17 17 16 15 14 11 9 9 4 3
18 13 10 7 5 5 5 4 3 1
19 17 13 12 11 8 6 5 5 1
17 17 16 16 15 15 15 13 7 2
18 16 16 12 12 11 7 4 3 3
17 15 12 12 11 10 9 3 1 0
19 17 15 14 12 9 5 3 1 1
18 16 15 15 13 7 6 3 2 1
18 16 15 14 13 13 13 12 2 1
15 14 12 12 10 7 6 4 0 0
11 11 9 8 8 7 5 5 3 0
13 10 8 7 7 5 4 3 3 2
14 14 14 12 10 10 9 5 5 0
17 16 15 13 5 4 3 1 1 1
18 17 16 14 14 13 13 7 4 0
17 17 15 12 11 9 3 2 1 1
16 16 10 9 6 6 4 3 2 1
17 13 8 8 6 6 5 5 4 0
18 18 18 9 5 5 4 3 3 0
18 17 16 14 12 11 10 3 2 1
17 17 12 11 8 5 3 2 1 1
18 17 13 10 8 8 8 7 6 2
19 13 13 12 11 9 4 4 3 3
19 17 17 17 9 9 6 4 3 0
18 16 15 13 9 9 6 4 2 0
18 17 16 16 15 6 5 4 3 2
9 8 7 6 5 2 2 2 1 0
19 19 14 10 10 7 6 5 2 1
19 19 18 11 10 9 8 8 4 0
19 15 15 13 12 11 7 6 6 1
19 18 12 11 10 8 7 4 2 2
18 18 16 16 13 9 7 6 1 0
17 12 12 12 12 11 10 8 5 3
17 16 14 13 12 11 5 5 4 0
16 15 13 12 11 11 8 5 4 0
16 15 10 7 4 4 4 3 2 1
17 17 16 16 14 13 11 6 3 2
19 17 15 15 12 8 7 7 6 1
19 16 13 7 7 6 3 3 2 2
19 13 12 12 12 12 10 8 6 4
18 17 17 16 9 8 7 7 7 2
18 15 11 9 9 7 5 2 2 1
19 12 10 9 7 6 3 2 0 0
16 14 10 8 7 4 2 2 1 0
14 14 13 13 10 7 4 3 2 0
19 19 14 14 13 8 7 7 2 0
18 17 13 11 7 6 6 4 2 1
18 17 17 16 15 13 10 7 4 2
18 16 15 14 13 13 9 6 5 2
18 16 15 14 13 9 7 2 1 1
12 12 12 11 9 8 7 6 5 4
19 17 15 11 10 6 5 3 2 1
16 14 14 12 11 6 6 5 1 1
17 14 13 12 6 6 5 1 1 1
18 18 16 15 14 14 14 9 9 7
18 16 15 14 13 11 9 9 6 2
16 16 13 11 11 9 7 6 5 1
19 18 17 14 14 11 9 6 5 1
19 15 15 13 10 10 9 7 0 0
19 13 12 10 8 4 4 4 0 0
18 18 16 12 7 6 6 4 4 1
18 18 18 17 13 12 11 6 5 3
17 17 16 14 12 11 11 4 2 0
19 19 11 9 9 5 3 2 0 0
18 15 13 13 11 11 8 6 1 0
16 16 14 13 11 11 4 1 1 0
19 18 10 8 6 5 4 1 1 0
17 14 14 14 13 11 11 10 6 0
18 16 16 14 13 12 8 6 5 1
19 15 14 13 10 8 4 3 2 1
19 17 16 15 11 9 2 0 0 0
19 17 17 14 11 10 8 8 6 4
19 18 15 15 14 12 7 5 3 2
17 13 12 9 8 7 7 6 3 0
17 16 12 12 12 10 9 5 2 1
19 18 18 14 13 9 6 1 0 0
16 16 15 8 6 4 4 3 2 1
18 16 14 10 9 4 3 2 1 0
18 13 12 9 9 7 7 6 4 3
18 18 15 10 7 6 5 5 5 1
15 14 14 13 9 9 5 3 3 1
16 14 13 12 10 10 2 2 1 0
18 17 12 7 7 6 5 2 2 0
19 19 18 18 17 16 9 8 4 2
19 18 17 15 14 11 8 5 1 0
19 17 16 15 12 11 10 9 3 2
19 18 18 17 15 10 7 6 3 3
19 16 16 15 12 9 7 5 5 3
18 18 16 15 13 9 7 5 4 0
18 14 13 12 11 11 10 5 4 0
19 19 17 11 10 10 8 5 4 2
18 17 11 11 11 10 8 7 6 0
16 16 14 11 9 7 7 6 0 0
16 16 16 14 13 12 8 7 1 1
19 18 17 11 10 8 6 2 0 0
18 18 11 11 9 5 5 4 3 2
18 17 13 13 11 9 7 5 5 1
19 18 18 16 10 10 7 4 4 1
16 15 9 6 6 5 4 2 2 0
11 10 7 7 6 6 4 1 1 0
19 19 17 13 12 11 9 6 1 0
19 16 15 13 12 12 10 8 7 2
19 18 18 17 11 10 10 9 2 1
19 19 16 13 5 4 3 2 0 0
15 14 13 11 10 9 4 4 3 2
19 17 17 16 14 13 12 11 10 5
19 18 13 12 11 8 7 5 5 0
19 18 18 15 15 13 7 6 0 0
19 13 12 9 7 7 6 4 3 0
16 16 15 13 8 5 3 3 1 0
17 16 15 15 14 9 9 7 7 0
19 13 12 9 9 6 5 3 0 0
19 19 15 12 12 7 5 4 2 1
18 18 16 14 14 14 13 11 11 2
18 18 17 12 9 6 5 5 4 3
19 16 15 12 8 8 8 7 7 6
17 13 12 11 10 10 8 7 6 6
18 17 14 11 10 10 7 5 3 2
17 16 15 14 13 10 10 7 3 0
18 15 14 13 13 12 11 4 4 0
19 19 14 13 12 11 9 6 2 0
17 15 13 12 12 7 7 7 3 2
19 18 17 15 10 10 6 5 5 2
18 17 17 11 9 7 6 4 3 0
15 15 11 11 8 8 7 4 1 0
19 19 14 14 13 11 7 3 3 0
19 18 15 12 9 9 7 5 3 1
17 13 12 11 10 10 9 8 6 2
17 15 12 11 8 8 8 7 6 1
19 18 14 6 5 5 5 4 2 0
15 14 13 9 9 7 5 4 1 1
19 18 14 11 10 10 7 5 3 1
19 19 18 17 16 16 13 12 8 2
19 19 16 15 15 11 8 3 3 1
17 15 14 13 7 6 6 4 1 0
16 15 9 8 8 7 7 6 1 0
19 18 17 15 15 11 6 6 1 0
18 17 15 14 12 12 11 10 8 8
16 16 15 15 14 12 11 8 4 1
14 14 12 12 11 8 7 6 4 4
16 16 15 12 7 6 6 5 4 2
18 14 13 10 8 7 6 6 5 2
19 10 8 8 7 6 5 4 3 2
19 18 11 11 9 4 4 4 4 1
19 19 17 17 16 14 10 6 3 0
16 14 14 12 12 7 5 5 4 2
17 12 10 10 8 7 7 4 4 4
18 16 13 12 8 4 3 2 2 0
19 18 17 16 8 4 4 4 2 0
18 18 15 12 11 11 1 0 0 0
12 9 9 9 8 8 4 2 1 0
19 17 17 16 15 14 10 4 3 3
19 19 17 12 11 6 6 5 1 0
19 15 14 13 11 8 7 7 3 2
15 14 14 12 9 8 8 5 4 2
19 15 9 9 5 4 4 4 4 1
17 17 13 12 12 9 7 2 2 0
17 15 14 10 8 8 7 3 1 0
18 16 11 8 7 7 5 3 2 0
17 17 13 10 9 8 8 3 1 0
18 18 17 14 9 8 7 4 3 1
18 17 17 11 10 9 8 8 7 0
17 16 14 11 10 7 7 6 3 3
17 14 10 8 5 4 4 2 2 1
19 17 16 10 6 3 1 1 0 0
18 17 15 13 12 10 7 6 1 1
19 18 16 15 9 8 7 5 5 0
16 15 14 13 13 10 9 5 3 0
19 16 14 14 13 12 9 4 3 3
17 14 11 6 5 4 2 2 0 0
19 9 8 7 6 6 5 4 1 0
17 17 13 11 7 7 6 2 1 0
19 16 16 12 12 7 7 7 2 0
17 16 15 12 10 8 8 6 5 3
19 18 15 14 13 10 9 9 8 2
19 18 18 16 13 8 5 1 1 0
19 17 12 7 7 6 6 5 3 2
18 16 14 12 3 2 2 1 0 0
19 18 16 14 14 12 10 10 6 2
18 15 13 13 10 8 5 4 4 1
19 17 16 13 13 12 10 8 8 3
13 12 10 8 7 7 7 2 0 0
19 18 16 8 8 6 5 4 3 3
19 15 12 12 9 9 9 6 4 0
16 15 14 12 10 8 3 3 2 0
18 16 12 11 7 6 6 5 0 0
19 15 13 13 12 11 7 5 3 0
19 19 16 13 12 9 4 4 3 0
19 19 17 16 15 13 13 7 3 1
19 18 16 14 13 11 11 10 7 6
16 16 15 13 8 8 3 2 1 0
16 13 13 11 9 7 5 3 2 0
18 16 14 14 12 10 9 6 4 3
18 17 16 15 13 10 10 9 3 1
19 16 13 9 8 5 5 1 0 0
16 14 14 12 7 6 5 4 1 0
17 16 14 12 10 10 10 9 1 1
16 15 10 10 10 7 7 6 6 5
19 17 14 14 10 6 6 6 4 0